-200 25131
-196 25138
-194 25138
-193 25140
-192 25143
-191 25142
-190 25145
-189 25147
-188 25149
-187 25149
-186 25151
-185 25152
-184 25154
-183 25155
-182 25157
-181 25158
-180 25159
-179 25161
-178 25162
-177 25163
-176 25165
-175 25166
-174 25167
-173 25169
-172 25170
-171 25171
-170 25173
-169 25174
-168 25175
-167 25177
-166 25178
-165 25179
-164 25181
-163 25182
-162 25183
-161 25185
-160 25186
-159 25187
-158 25188
-157 25190
-156 25191
-155 25192
-154 25194
-153 25195
-152 25196
-151 25198
-150 25199
-149 25200
-148 25201
-147 25203
-146 25204
-145 25205
-144 25207
-143 25208
-142 25209
-141 25210
-140 25212
-139 25213
-138 25214
-137 25216
-136 25217
-135 25218
-134 25220
-133 25221
-132 25222
-131 25223
-130 25225
-129 25226
-128 25227
-127 25229
-126 25230
-125 25231
-124 25233
-123 25234
-122 25235
-121 25237
-120 25238
-119 25239
-118 25241
-117 25242
-116 25243
-115 25245
-114 25246
-113 25247
-112 25249
-111 25250
-110 25251
-109 25253
-108 25254
-107 25255
-106 25257
-105 25258
-104 25259
-103 25261
-102 25262
-101 25263
-100 25265
-99 25266
-98 25267
-97 25269
-96 25270
-95 25271
-94 25273
-93 25274
-92 25275
-91 25277
-90 25278
-89 25279
-88 25281
-87 25282
-86 25283
-85 25284
-84 25286
-83 25287
-82 25288
-81 25290
-80 25291
-79 25292
-78 25293
-77 25294
-76 25296
-75 25297
-74 25298
-73 25299
-72 25300
-71 25302
-70 25303
-69 25304
-68 25305
-67 25306
-66 25307
-65 25308
-64 25309
-63 25311
-62 25312
-61 25313
-60 25314
-59 25315
-58 25316
-57 25317
-56 25318
-55 25318
-54 25319
-53 25320
-52 25321
-51 25322
-50 25323
-49 25324
-48 25324
-47 25325
-46 25326
-45 25327
-44 25327
-43 25328
-42 25329
-41 25329
-40 25330
-39 25330
-38 25331
-37 25331
-36 25332
-35 25332
-34 25333
-33 25333
-32 25333
-31 25334
-30 25334
-29 25334
-28 25334
-27 25334
-26 25334
-25 25334
-24 25334
-23 25334
-22 25334
-21 25334
-20 25334
-19 25334
-18 25333
-17 25333
-16 25333
-15 25332
-14 25331
-13 25331
-12 25330
-11 25329
-10 25328
-9 25327
-8 25326
-7 25325
-6 25324
-5 25322
-4 25321
-3 25319
-2 25316
-1 25314
0 25311
