-200.000000 2.079442
-196.000000 8.579442
-194.000000 9.279442
-193.000000 11.079442
-192.000000 14.379442
-191.000000 12.879442
-190.000000 15.979442
-189.000000 17.579442
-188.000000 19.879442
-187.000000 19.779442
-186.000000 21.979442
-185.000000 23.479442
-184.000000 25.179442
-183.000000 25.879442
-182.000000 27.679442
-181.000000 28.979442
-180.000000 30.479442
-179.000000 31.579442
-178.000000 33.079442
-177.000000 34.379442
-176.000000 35.779442
-175.000000 37.079442
-174.000000 38.479442
-173.000000 39.779442
-172.000000 41.079442
-171.000000 42.479442
-170.000000 43.779442
-169.000000 45.079442
-168.000000 46.379442
-167.000000 47.679442
-166.000000 48.979442
-165.000000 50.379442
-164.000000 51.679442
-163.000000 52.979442
-162.000000 54.279442
-161.000000 55.579442
-160.000000 56.879442
-159.000000 58.179442
-158.000000 59.479442
-157.000000 60.779442
-156.000000 62.079442
-155.000000 63.379442
-154.000000 64.679442
-153.000000 65.979442
-152.000000 67.279442
-151.000000 68.579442
-150.000000 69.879442
-149.000000 71.179442
-148.000000 72.479442
-147.000000 73.779442
-146.000000 74.979442
-145.000000 76.279442
-144.000000 77.579442
-143.000000 78.879442
-142.000000 80.179442
-141.000000 81.479442
-140.000000 82.779442
-139.000000 84.079442
-138.000000 85.379442
-137.000000 86.679442
-136.000000 87.979442
-135.000000 89.279442
-134.000000 90.579442
-133.000000 91.879442
-132.000000 93.179442
-131.000000 94.479442
-130.000000 95.779442
-129.000000 97.079442
-128.000000 98.379442
-127.000000 99.679442
-126.000000 100.979442
-125.000000 102.379442
-124.000000 103.679442
-123.000000 104.979442
-122.000000 106.279442
-121.000000 107.579442
-120.000000 108.979442
-119.000000 110.279442
-118.000000 111.579442
-117.000000 112.879442
-116.000000 114.279442
-115.000000 115.579442
-114.000000 116.879442
-113.000000 118.279442
-112.000000 119.579442
-111.000000 120.879442
-110.000000 122.279442
-109.000000 123.579442
-108.000000 124.979442
-107.000000 126.279442
-106.000000 127.679442
-105.000000 128.979442
-104.000000 130.379442
-103.000000 131.679442
-102.000000 132.979442
-101.000000 134.379442
-100.000000 135.679442
-99.000000 137.079442
-98.000000 138.379442
-97.000000 139.679442
-96.000000 141.079442
-95.000000 142.379442
-94.000000 143.679442
-93.000000 144.979442
-92.000000 146.379442
-91.000000 147.679442
-90.000000 148.979442
-89.000000 150.279442
-88.000000 151.579442
-87.000000 152.879442
-86.000000 154.179442
-85.000000 155.479442
-84.000000 156.779442
-83.000000 157.979442
-82.000000 159.279442
-81.000000 160.579442
-80.000000 161.779442
-79.000000 162.979442
-78.000000 164.279442
-77.000000 165.479442
-76.000000 166.679442
-75.000000 167.879442
-74.000000 169.079442
-73.000000 170.279442
-72.000000 171.479442
-71.000000 172.679442
-70.000000 173.779442
-69.000000 174.979442
-68.000000 176.079442
-67.000000 177.179442
-66.000000 178.279442
-65.000000 179.379442
-64.000000 180.479442
-63.000000 181.479442
-62.000000 182.579442
-61.000000 183.579442
-60.000000 184.579442
-59.000000 185.579442
-58.000000 186.579442
-57.000000 187.579442
-56.000000 188.479442
-55.000000 189.479442
-54.000000 190.379442
-53.000000 191.279442
-52.000000 192.179442
-51.000000 192.979442
-50.000000 193.779442
-49.000000 194.679442
-48.000000 195.379442
-47.000000 196.179442
-46.000000 196.879442
-45.000000 197.679442
-44.000000 198.279442
-43.000000 198.979442
-42.000000 199.579442
-41.000000 200.179442
-40.000000 200.779442
-39.000000 201.379442
-38.000000 201.879442
-37.000000 202.379442
-36.000000 202.779442
-35.000000 203.279442
-34.000000 203.579442
-33.000000 203.979442
-32.000000 204.279442
-31.000000 204.579442
-30.000000 204.779442
-29.000000 205.079442
-28.000000 205.179442
-27.000000 205.279442
-26.000000 205.379442
-25.000000 205.479442
-24.000000 205.479442
-23.000000 205.379442
-22.000000 205.279442
-21.000000 205.179442
-20.000000 204.879442
-19.000000 204.679442
-18.000000 204.379442
-17.000000 203.979442
-16.000000 203.579442
-15.000000 203.079442
-14.000000 202.479442
-13.000000 201.879442
-12.000000 201.079442
-11.000000 200.279442
-10.000000 199.379442
-9.000000 198.379442
-8.000000 197.279442
-7.000000 196.079442
-6.000000 194.779442
-5.000000 193.279442
-4.000000 191.579442
-3.000000 189.579442
-2.000000 187.379442
-1.000000 184.779442
0.000000 181.479442
