-288 34278
-284 34285
-282 34286
-281 34287
-280 34291
-279 34289
-278 34293
-277 34294
-276 34297
-275 34296
-274 34299
-273 34301
-272 34302
-271 34303
-270 34305
-269 34306
-268 34308
-267 34309
-266 34311
-265 34312
-264 34313
-263 34315
-262 34316
-261 34318
-260 34319
-259 34320
-258 34322
-257 34323
-256 34324
-255 34326
-254 34327
-253 34329
-252 34330
-251 34331
-250 34333
-249 34334
-248 34335
-247 34337
-246 34338
-245 34339
-244 34341
-243 34342
-242 34343
-241 34345
-240 34346
-239 34347
-238 34349
-237 34350
-236 34351
-235 34353
-234 34354
-233 34355
-232 34356
-231 34358
-230 34359
-229 34360
-228 34362
-227 34363
-226 34364
-225 34366
-224 34367
-223 34368
-222 34370
-221 34371
-220 34372
-219 34373
-218 34375
-217 34376
-216 34377
-215 34379
-214 34380
-213 34381
-212 34383
-211 34384
-210 34385
-209 34386
-208 34388
-207 34389
-206 34390
-205 34392
-204 34393
-203 34394
-202 34396
-201 34397
-200 34398
-199 34400
-198 34401
-197 34402
-196 34403
-195 34405
-194 34406
-193 34407
-192 34409
-191 34410
-190 34411
-189 34413
-188 34414
-187 34415
-186 34417
-185 34418
-184 34419
-183 34421
-182 34422
-181 34423
-180 34425
-179 34426
-178 34427
-177 34429
-176 34430
-175 34431
-174 34433
-173 34434
-172 34435
-171 34437
-170 34438
-169 34439
-168 34441
-167 34442
-166 34443
-165 34445
-164 34446
-163 34447
-162 34449
-161 34450
-160 34451
-159 34453
-158 34454
-157 34455
-156 34457
-155 34458
-154 34459
-153 34461
-152 34462
-151 34463
-150 34465
-149 34466
-148 34467
-147 34469
-146 34470
-145 34471
-144 34473
-143 34474
-142 34475
-141 34477
-140 34478
-139 34479
-138 34481
-137 34482
-136 34483
-135 34485
-134 34486
-133 34487
-132 34489
-131 34490
-130 34491
-129 34493
-128 34494
-127 34495
-126 34497
-125 34498
-124 34499
-123 34500
-122 34502
-121 34503
-120 34504
-119 34505
-118 34507
-117 34508
-116 34509
-115 34510
-114 34512
-113 34513
-112 34514
-111 34515
-110 34517
-109 34518
-108 34519
-107 34520
-106 34521
-105 34523
-104 34524
-103 34525
-102 34526
-101 34527
-100 34528
-99 34529
-98 34531
-97 34532
-96 34533
-95 34534
-94 34535
-93 34536
-92 34537
-91 34538
-90 34539
-89 34540
-88 34541
-87 34542
-86 34543
-85 34544
-84 34545
-83 34546
-82 34547
-81 34548
-80 34549
-79 34550
-78 34551
-77 34552
-76 34553
-75 34554
-74 34554
-73 34555
-72 34556
-71 34557
-70 34558
-69 34558
-68 34559
-67 34560
-66 34561
-65 34561
-64 34562
-63 34563
-62 34563
-61 34564
-60 34565
-59 34565
-58 34566
-57 34566
-56 34567
-55 34567
-54 34568
-53 34568
-52 34569
-51 34569
-50 34570
-49 34570
-48 34570
-47 34571
-46 34571
-45 34571
-44 34572
-43 34572
-42 34572
-41 34572
-40 34572
-39 34572
-38 34573
-37 34573
-36 34573
-35 34573
-34 34573
-33 34573
-32 34572
-31 34572
-30 34572
-29 34572
-28 34572
-27 34571
-26 34571
-25 34571
-24 34570
-23 34570
-22 34569
-21 34569
-20 34568
-19 34568
-18 34567
-17 34566
-16 34565
-15 34564
-14 34563
-13 34562
-12 34561
-11 34560
-10 34559
-9 34557
-8 34556
-7 34554
-6 34553
-5 34551
-4 34549
-3 34546
-2 34544
-1 34541
0 34537
