-512.000000 2.079442
-508.000000 9.479442
-506.000000 10.179442
-505.000000 11.979442
-504.000000 16.279442
-503.000000 13.779442
-502.000000 17.779442
-501.000000 19.479442
-500.000000 22.679442
-499.000000 21.579442
-498.000000 24.579442
-497.000000 26.279442
-496.000000 28.779442
-495.000000 28.679442
-494.000000 31.079442
-493.000000 32.679442
-492.000000 34.779442
-491.000000 35.179442
-490.000000 37.379442
-489.000000 38.879442
-488.000000 40.579442
-487.000000 41.579442
-486.000000 43.379442
-485.000000 44.879442
-484.000000 46.379442
-483.000000 47.579442
-482.000000 49.279442
-481.000000 50.679442
-480.000000 52.179442
-479.000000 53.579442
-478.000000 55.079442
-477.000000 56.479442
-476.000000 57.979442
-475.000000 59.379442
-474.000000 60.879442
-473.000000 62.279442
-472.000000 63.679442
-471.000000 65.079442
-470.000000 66.479442
-469.000000 67.879442
-468.000000 69.279442
-467.000000 70.679442
-466.000000 72.079442
-465.000000 73.479442
-464.000000 74.879442
-463.000000 76.279442
-462.000000 77.679442
-461.000000 79.079442
-460.000000 80.479442
-459.000000 81.879442
-458.000000 83.179442
-457.000000 84.579442
-456.000000 85.979442
-455.000000 87.379442
-454.000000 88.679442
-453.000000 90.079442
-452.000000 91.479442
-451.000000 92.879442
-450.000000 94.179442
-449.000000 95.579442
-448.000000 96.879442
-447.000000 98.279442
-446.000000 99.679442
-445.000000 100.979442
-444.000000 102.379442
-443.000000 103.679442
-442.000000 105.079442
-441.000000 106.379442
-440.000000 107.779442
-439.000000 109.079442
-438.000000 110.479442
-437.000000 111.779442
-436.000000 113.179442
-435.000000 114.479442
-434.000000 115.779442
-433.000000 117.179442
-432.000000 118.479442
-431.000000 119.879442
-430.000000 121.179442
-429.000000 122.479442
-428.000000 123.879442
-427.000000 125.179442
-426.000000 126.479442
-425.000000 127.879442
-424.000000 129.179442
-423.000000 130.479442
-422.000000 131.879442
-421.000000 133.179442
-420.000000 134.479442
-419.000000 135.779442
-418.000000 137.179442
-417.000000 138.479442
-416.000000 139.779442
-415.000000 141.179442
-414.000000 142.479442
-413.000000 143.779442
-412.000000 145.079442
-411.000000 146.379442
-410.000000 147.779442
-409.000000 149.079442
-408.000000 150.379442
-407.000000 151.679442
-406.000000 153.079442
-405.000000 154.379442
-404.000000 155.679442
-403.000000 156.979442
-402.000000 158.279442
-401.000000 159.679442
-400.000000 160.979442
-399.000000 162.279442
-398.000000 163.579442
-397.000000 164.879442
-396.000000 166.279442
-395.000000 167.579442
-394.000000 168.879442
-393.000000 170.179442
-392.000000 171.479442
-391.000000 172.779442
-390.000000 174.179442
-389.000000 175.479442
-388.000000 176.779442
-387.000000 178.079442
-386.000000 179.379442
-385.000000 180.679442
-384.000000 182.079442
-383.000000 183.379442
-382.000000 184.679442
-381.000000 185.979442
-380.000000 187.279442
-379.000000 188.579442
-378.000000 189.979442
-377.000000 191.279442
-376.000000 192.579442
-375.000000 193.879442
-374.000000 195.179442
-373.000000 196.479442
-372.000000 197.779442
-371.000000 199.179442
-370.000000 200.479442
-369.000000 201.779442
-368.000000 203.079442
-367.000000 204.379442
-366.000000 205.779442
-365.000000 207.079442
-364.000000 208.379442
-363.000000 209.679442
-362.000000 210.979442
-361.000000 212.279442
-360.000000 213.679442
-359.000000 214.979442
-358.000000 216.279442
-357.000000 217.579442
-356.000000 218.879442
-355.000000 220.179442
-354.000000 221.579442
-353.000000 222.879442
-352.000000 224.179442
-351.000000 225.479442
-350.000000 226.779442
-349.000000 228.179442
-348.000000 229.479442
-347.000000 230.779442
-346.000000 232.079442
-345.000000 233.379442
-344.000000 234.779442
-343.000000 236.079442
-342.000000 237.379442
-341.000000 238.679442
-340.000000 239.979442
-339.000000 241.379442
-338.000000 242.679442
-337.000000 243.979442
-336.000000 245.279442
-335.000000 246.679442
-334.000000 247.979442
-333.000000 249.279442
-332.000000 250.579442
-331.000000 251.979442
-330.000000 253.279442
-329.000000 254.579442
-328.000000 255.979442
-327.000000 257.279442
-326.000000 258.579442
-325.000000 259.879442
-324.000000 261.279442
-323.000000 262.579442
-322.000000 263.879442
-321.000000 265.279442
-320.000000 266.579442
-319.000000 267.879442
-318.000000 269.279442
-317.000000 270.579442
-316.000000 271.879442
-315.000000 273.279442
-314.000000 274.579442
-313.000000 275.879442
-312.000000 277.279442
-311.000000 278.579442
-310.000000 279.979442
-309.000000 281.279442
-308.000000 282.579442
-307.000000 283.979442
-306.000000 285.279442
-305.000000 286.679442
-304.000000 287.979442
-303.000000 289.279442
-302.000000 290.679442
-301.000000 291.979442
-300.000000 293.379442
-299.000000 294.679442
-298.000000 296.079442
-297.000000 297.379442
-296.000000 298.779442
-295.000000 300.079442
-294.000000 301.479442
-293.000000 302.779442
-292.000000 304.179442
-291.000000 305.479442
-290.000000 306.879442
-289.000000 308.179442
-288.000000 309.579442
-287.000000 310.879442
-286.000000 312.279442
-285.000000 313.579442
-284.000000 314.979442
-283.000000 316.279442
-282.000000 317.679442
-281.000000 318.979442
-280.000000 320.379442
-279.000000 321.679442
-278.000000 323.079442
-277.000000 324.379442
-276.000000 325.779442
-275.000000 327.079442
-274.000000 328.479442
-273.000000 329.779442
-272.000000 331.179442
-271.000000 332.479442
-270.000000 333.879442
-269.000000 335.179442
-268.000000 336.579442
-267.000000 337.879442
-266.000000 339.179442
-265.000000 340.579442
-264.000000 341.879442
-263.000000 343.279442
-262.000000 344.579442
-261.000000 345.979442
-260.000000 347.279442
-259.000000 348.679442
-258.000000 349.979442
-257.000000 351.279442
-256.000000 352.679442
-255.000000 353.979442
-254.000000 355.279442
-253.000000 356.679442
-252.000000 357.979442
-251.000000 359.279442
-250.000000 360.679442
-249.000000 361.979442
-248.000000 363.279442
-247.000000 364.679442
-246.000000 365.979442
-245.000000 367.279442
-244.000000 368.579442
-243.000000 369.979442
-242.000000 371.279442
-241.000000 372.579442
-240.000000 373.879442
-239.000000 375.179442
-238.000000 376.479442
-237.000000 377.879442
-236.000000 379.179442
-235.000000 380.479442
-234.000000 381.779442
-233.000000 383.079442
-232.000000 384.379442
-231.000000 385.679442
-230.000000 386.979442
-229.000000 388.279442
-228.000000 389.579442
-227.000000 390.879442
-226.000000 392.179442
-225.000000 393.479442
-224.000000 394.679442
-223.000000 395.979442
-222.000000 397.279442
-221.000000 398.579442
-220.000000 399.879442
-219.000000 401.079442
-218.000000 402.379442
-217.000000 403.679442
-216.000000 404.879442
-215.000000 406.179442
-214.000000 407.479442
-213.000000 408.679442
-212.000000 409.979442
-211.000000 411.179442
-210.000000 412.479442
-209.000000 413.679442
-208.000000 414.979442
-207.000000 416.179442
-206.000000 417.479442
-205.000000 418.679442
-204.000000 419.879442
-203.000000 421.179442
-202.000000 422.379442
-201.000000 423.579442
-200.000000 424.779442
-199.000000 425.979442
-198.000000 427.279442
-197.000000 428.479442
-196.000000 429.679442
-195.000000 430.879442
-194.000000 432.079442
-193.000000 433.279442
-192.000000 434.479442
-191.000000 435.679442
-190.000000 436.779442
-189.000000 437.979442
-188.000000 439.179442
-187.000000 440.379442
-186.000000 441.479442
-185.000000 442.679442
-184.000000 443.879442
-183.000000 444.979442
-182.000000 446.179442
-181.000000 447.279442
-180.000000 448.479442
-179.000000 449.579442
-178.000000 450.679442
-177.000000 451.879442
-176.000000 452.979442
-175.000000 454.079442
-174.000000 455.179442
-173.000000 456.279442
-172.000000 457.479442
-171.000000 458.579442
-170.000000 459.679442
-169.000000 460.679442
-168.000000 461.779442
-167.000000 462.879442
-166.000000 463.979442
-165.000000 465.079442
-164.000000 466.079442
-163.000000 467.179442
-162.000000 468.179442
-161.000000 469.279442
-160.000000 470.279442
-159.000000 471.379442
-158.000000 472.379442
-157.000000 473.379442
-156.000000 474.379442
-155.000000 475.379442
-154.000000 476.479442
-153.000000 477.479442
-152.000000 478.379442
-151.000000 479.379442
-150.000000 480.379442
-149.000000 481.379442
-148.000000 482.379442
-147.000000 483.279442
-146.000000 484.279442
-145.000000 485.179442
-144.000000 486.179442
-143.000000 487.079442
-142.000000 487.979442
-141.000000 488.879442
-140.000000 489.779442
-139.000000 490.679442
-138.000000 491.579442
-137.000000 492.479442
-136.000000 493.379442
-135.000000 494.279442
-134.000000 495.179442
-133.000000 495.979442
-132.000000 496.879442
-131.000000 497.679442
-130.000000 498.479442
-129.000000 499.279442
-128.000000 500.179442
-127.000000 500.979442
-126.000000 501.779442
-125.000000 502.579442
-124.000000 503.279442
-123.000000 504.079442
-122.000000 504.879442
-121.000000 505.579442
-120.000000 506.379442
-119.000000 507.079442
-118.000000 507.779442
-117.000000 508.479442
-116.000000 509.279442
-115.000000 509.879442
-114.000000 510.579442
-113.000000 511.279442
-112.000000 511.979442
-111.000000 512.579442
-110.000000 513.279442
-109.000000 513.879442
-108.000000 514.479442
-107.000000 515.079442
-106.000000 515.679442
-105.000000 516.279442
-104.000000 516.879442
-103.000000 517.479442
-102.000000 517.979442
-101.000000 518.579442
-100.000000 519.079442
-99.000000 519.579442
-98.000000 520.079442
-97.000000 520.579442
-96.000000 521.079442
-95.000000 521.579442
-94.000000 522.079442
-93.000000 522.479442
-92.000000 522.979442
-91.000000 523.379442
-90.000000 523.779442
-89.000000 524.179442
-88.000000 524.579442
-87.000000 524.879442
-86.000000 525.279442
-85.000000 525.579442
-84.000000 525.979442
-83.000000 526.279442
-82.000000 526.579442
-81.000000 526.879442
-80.000000 527.079442
-79.000000 527.379442
-78.000000 527.579442
-77.000000 527.879442
-76.000000 528.079442
-75.000000 528.279442
-74.000000 528.479442
-73.000000 528.579442
-72.000000 528.779442
-71.000000 528.879442
-70.000000 528.979442
-69.000000 529.079442
-68.000000 529.179442
-67.000000 529.279442
-66.000000 529.279442
-65.000000 529.379442
-64.000000 529.379442
-63.000000 529.379442
-62.000000 529.379442
-61.000000 529.279442
-60.000000 529.279442
-59.000000 529.179442
-58.000000 529.079442
-57.000000 528.979442
-56.000000 528.779442
-55.000000 528.679442
-54.000000 528.479442
-53.000000 528.279442
-52.000000 528.079442
-51.000000 527.879442
-50.000000 527.579442
-49.000000 527.279442
-48.000000 526.979442
-47.000000 526.679442
-46.000000 526.379442
-45.000000 525.979442
-44.000000 525.579442
-43.000000 525.179442
-42.000000 524.679442
-41.000000 524.279442
-40.000000 523.779442
-39.000000 523.179442
-38.000000 522.679442
-37.000000 522.079442
-36.000000 521.479442
-35.000000 520.879442
-34.000000 520.179442
-33.000000 519.479442
-32.000000 518.779442
-31.000000 517.979442
-30.000000 517.179442
-29.000000 516.379442
-28.000000 515.579442
-27.000000 514.679442
-26.000000 513.679442
-25.000000 512.779442
-24.000000 511.679442
-23.000000 510.679442
-22.000000 509.579442
-21.000000 508.379442
-20.000000 507.179442
-19.000000 505.979442
-18.000000 504.679442
-17.000000 503.279442
-16.000000 501.879442
-15.000000 500.479442
-14.000000 498.879442
-13.000000 497.279442
-12.000000 495.679442
-11.000000 493.879442
-10.000000 491.979442
-9.000000 490.079442
-8.000000 488.079442
-7.000000 485.879442
-6.000000 483.579442
-5.000000 481.079442
-4.000000 478.479442
-3.000000 475.579442
-2.000000 472.479442
-1.000000 468.879442
0.000000 464.679442
