-128 15752
-124 15758
-122 15759
-121 15761
-120 15763
-119 15762
-118 15765
-117 15767
-116 15768
-115 15769
-114 15771
-113 15772
-112 15773
-111 15774
-110 15776
-109 15777
-108 15779
-107 15780
-106 15781
-105 15782
-104 15784
-103 15785
-102 15786
-101 15788
-100 15789
-99 15790
-98 15791
-97 15793
-96 15794
-95 15795
-94 15797
-93 15798
-92 15799
-91 15800
-90 15802
-89 15803
-88 15804
-87 15806
-86 15807
-85 15808
-84 15809
-83 15811
-82 15812
-81 15813
-80 15815
-79 15816
-78 15817
-77 15818
-76 15820
-75 15821
-74 15822
-73 15824
-72 15825
-71 15826
-70 15828
-69 15829
-68 15830
-67 15832
-66 15833
-65 15834
-64 15836
-63 15837
-62 15838
-61 15840
-60 15841
-59 15842
-58 15844
-57 15845
-56 15846
-55 15848
-54 15849
-53 15850
-52 15852
-51 15853
-50 15854
-49 15855
-48 15856
-47 15858
-46 15859
-45 15860
-44 15861
-43 15862
-42 15863
-41 15865
-40 15866
-39 15867
-38 15868
-37 15869
-36 15870
-35 15871
-34 15871
-33 15872
-32 15873
-31 15874
-30 15875
-29 15876
-28 15876
-27 15877
-26 15877
-25 15878
-24 15879
-23 15879
-22 15879
-21 15880
-20 15880
-19 15880
-18 15881
-17 15881
-16 15881
-15 15881
-14 15881
-13 15881
-12 15880
-11 15880
-10 15880
-9 15879
-8 15878
-7 15878
-6 15877
-5 15876
-4 15874
-3 15873
-2 15871
-1 15869
0 15866
