-162.000000 2.079442
-158.000000 8.479442
-156.000000 9.179442
-155.000000 10.979442
-154.000000 14.079442
-153.000000 12.679442
-152.000000 15.579442
-151.000000 17.279442
-150.000000 19.279442
-149.000000 19.379442
-148.000000 21.479442
-147.000000 22.879442
-146.000000 24.379442
-145.000000 25.279442
-144.000000 26.979442
-143.000000 28.279442
-142.000000 29.579442
-141.000000 30.879442
-140.000000 32.279442
-139.000000 33.579442
-138.000000 34.879442
-137.000000 36.179442
-136.000000 37.479442
-135.000000 38.779442
-134.000000 40.079442
-133.000000 41.379442
-132.000000 42.679442
-131.000000 43.979442
-130.000000 45.279442
-129.000000 46.579442
-128.000000 47.879442
-127.000000 49.179442
-126.000000 50.479442
-125.000000 51.779442
-124.000000 53.079442
-123.000000 54.379442
-122.000000 55.679442
-121.000000 56.979442
-120.000000 58.179442
-119.000000 59.479442
-118.000000 60.779442
-117.000000 62.079442
-116.000000 63.379442
-115.000000 64.679442
-114.000000 65.979442
-113.000000 67.279442
-112.000000 68.579442
-111.000000 69.779442
-110.000000 71.079442
-109.000000 72.379442
-108.000000 73.679442
-107.000000 74.979442
-106.000000 76.279442
-105.000000 77.579442
-104.000000 78.879442
-103.000000 80.179442
-102.000000 81.479442
-101.000000 82.779442
-100.000000 84.079442
-99.000000 85.379442
-98.000000 86.779442
-97.000000 88.079442
-96.000000 89.379442
-95.000000 90.679442
-94.000000 91.979442
-93.000000 93.379442
-92.000000 94.679442
-91.000000 95.979442
-90.000000 97.379442
-89.000000 98.679442
-88.000000 99.979442
-87.000000 101.379442
-86.000000 102.679442
-85.000000 104.079442
-84.000000 105.379442
-83.000000 106.679442
-82.000000 108.079442
-81.000000 109.379442
-80.000000 110.779442
-79.000000 112.079442
-78.000000 113.379442
-77.000000 114.779442
-76.000000 116.079442
-75.000000 117.379442
-74.000000 118.679442
-73.000000 119.979442
-72.000000 121.379442
-71.000000 122.679442
-70.000000 123.979442
-69.000000 125.179442
-68.000000 126.479442
-67.000000 127.779442
-66.000000 129.079442
-65.000000 130.279442
-64.000000 131.579442
-63.000000 132.779442
-62.000000 133.979442
-61.000000 135.179442
-60.000000 136.379442
-59.000000 137.579442
-58.000000 138.779442
-57.000000 139.979442
-56.000000 141.079442
-55.000000 142.279442
-54.000000 143.379442
-53.000000 144.479442
-52.000000 145.579442
-51.000000 146.579442
-50.000000 147.679442
-49.000000 148.679442
-48.000000 149.679442
-47.000000 150.679442
-46.000000 151.679442
-45.000000 152.579442
-44.000000 153.579442
-43.000000 154.479442
-42.000000 155.279442
-41.000000 156.179442
-40.000000 156.979442
-39.000000 157.779442
-38.000000 158.579442
-37.000000 159.279442
-36.000000 159.979442
-35.000000 160.679442
-34.000000 161.279442
-33.000000 161.879442
-32.000000 162.479442
-31.000000 162.979442
-30.000000 163.479442
-29.000000 163.979442
-28.000000 164.379442
-27.000000 164.779442
-26.000000 165.079442
-25.000000 165.379442
-24.000000 165.579442
-23.000000 165.779442
-22.000000 165.979442
-21.000000 166.079442
-20.000000 166.079442
-19.000000 166.079442
-18.000000 165.979442
-17.000000 165.879442
-16.000000 165.579442
-15.000000 165.379442
-14.000000 164.979442
-13.000000 164.579442
-12.000000 164.079442
-11.000000 163.479442
-10.000000 162.879442
-9.000000 162.079442
-8.000000 161.179442
-7.000000 160.179442
-6.000000 158.979442
-5.000000 157.679442
-4.000000 156.279442
-3.000000 154.579442
-2.000000 152.579442
-1.000000 150.179442
0.000000 147.079442
