-288 1833
-284 1839
-282 1839
-281 1839
-280 1844
-279 1841
-278 1845
-277 1845
-276 1848
-275 1847
-274 1850
-273 1850
-272 1853
-271 1852
-270 1855
-269 1855
-268 1857
-267 1857
-266 1859
-265 1859
-264 1861
-263 1862
-262 1863
-261 1864
-260 1865
-259 1866
-258 1868
-257 1868
-256 1870
-255 1870
-254 1872
-253 1872
-252 1874
-251 1875
-250 1876
-249 1877
-248 1878
-247 1879
-246 1880
-245 1881
-244 1882
-243 1883
-242 1884
-241 1885
-240 1886
-239 1887
-238 1888
-237 1889
-236 1890
-235 1891
-234 1892
-233 1893
-232 1894
-231 1895
-230 1896
-229 1897
-228 1898
-227 1899
-226 1900
-225 1900
-224 1901
-223 1902
-222 1903
-221 1904
-220 1905
-219 1906
-218 1907
-217 1908
-216 1909
-215 1910
-214 1911
-213 1912
-212 1913
-211 1914
-210 1915
-209 1916
-208 1917
-207 1918
-206 1919
-205 1920
-204 1921
-203 1922
-202 1923
-201 1924
-200 1925
-199 1926
-198 1927
-197 1928
-196 1929
-195 1929
-194 1930
-193 1931
-192 1932
-191 1933
-190 1934
-189 1935
-188 1936
-187 1937
-186 1938
-185 1939
-184 1940
-183 1941
-182 1941
-181 1942
-180 1943
-179 1944
-178 1945
-177 1946
-176 1947
-175 1948
-174 1948
-173 1949
-172 1950
-171 1951
-170 1952
-169 1953
-168 1953
-167 1954
-166 1955
-165 1956
-164 1957
-163 1957
-162 1958
-161 1959
-160 1960
-159 1960
-158 1961
-157 1962
-156 1963
-155 1963
-154 1964
-153 1965
-152 1966
-151 1966
-150 1967
-149 1968
-148 1968
-147 1969
-146 1970
-145 1970
-144 1971
-143 1971
-142 1972
-141 1973
-140 1973
-139 1974
-138 1974
-137 1975
-136 1976
-135 1976
-134 1977
-133 1977
-132 1978
-131 1978
-130 1979
-129 1979
-128 1979
-127 1980
-126 1980
-125 1981
-124 1981
-123 1982
-122 1982
-121 1982
-120 1983
-119 1983
-118 1983
-117 1984
-116 1984
-115 1984
-114 1985
-113 1985
-112 1985
-111 1985
-110 1986
-109 1986
-108 1986
-107 1986
-106 1986
-105 1986
-104 1987
-103 1987
-102 1987
-101 1987
-100 1987
-99 1987
-98 1987
-97 1987
-96 1987
-95 1987
-94 1987
-93 1987
-92 1987
-91 1987
-90 1987
-89 1987
-88 1987
-87 1986
-86 1986
-85 1986
-84 1986
-83 1986
-82 1986
-81 1985
-80 1985
-79 1985
-78 1985
-77 1984
-76 1984
-75 1984
-74 1983
-73 1983
-72 1982
-71 1982
-70 1982
-69 1981
-68 1981
-67 1980
-66 1980
-65 1979
-64 1979
-63 1978
-62 1978
-61 1977
-60 1976
-59 1976
-58 1975
-57 1975
-56 1974
-55 1973
-54 1973
-53 1972
-52 1971
-51 1970
-50 1970
-49 1969
-48 1968
-47 1967
-46 1966
-45 1965
-44 1964
-43 1964
-42 1963
-41 1962
-40 1961
-39 1960
-38 1959
-37 1958
-36 1957
-35 1955
-34 1954
-33 1953
-32 1952
-31 1951
-30 1950
-29 1948
-28 1947
-27 1946
-26 1945
-25 1943
-24 1942
-23 1940
-22 1939
-21 1938
-20 1936
-19 1935
-18 1933
-17 1931
-16 1930
-15 1928
-14 1926
-13 1924
-12 1923
-11 1921
-10 1919
-9 1917
-8 1915
-7 1913
-6 1911
-5 1909
-4 1906
-3 1904
-2 1901
-1 1898
0 1895
