-128 12876
-124 12882
-122 12883
-121 12885
-120 12888
-119 12887
-118 12889
-117 12891
-116 12893
-115 12893
-114 12895
-113 12896
-112 12898
-111 12899
-110 12900
-109 12901
-108 12903
-107 12904
-106 12905
-105 12907
-104 12908
-103 12909
-102 12911
-101 12912
-100 12913
-99 12914
-98 12916
-97 12917
-96 12918
-95 12919
-94 12921
-93 12922
-92 12923
-91 12925
-90 12926
-89 12927
-88 12928
-87 12930
-86 12931
-85 12932
-84 12934
-83 12935
-82 12936
-81 12937
-80 12939
-79 12940
-78 12941
-77 12943
-76 12944
-75 12945
-74 12947
-73 12948
-72 12949
-71 12951
-70 12952
-69 12953
-68 12955
-67 12956
-66 12957
-65 12959
-64 12960
-63 12961
-62 12963
-61 12964
-60 12965
-59 12967
-58 12968
-57 12969
-56 12971
-55 12972
-54 12973
-53 12974
-52 12976
-51 12977
-50 12978
-49 12979
-48 12981
-47 12982
-46 12983
-45 12984
-44 12985
-43 12986
-42 12988
-41 12989
-40 12990
-39 12991
-38 12992
-37 12993
-36 12994
-35 12995
-34 12996
-33 12996
-32 12997
-31 12998
-30 12999
-29 13000
-28 13000
-27 13001
-26 13002
-25 13002
-24 13003
-23 13003
-22 13004
-21 13004
-20 13004
-19 13005
-18 13005
-17 13005
-16 13005
-15 13005
-14 13005
-13 13005
-12 13004
-11 13004
-10 13004
-9 13003
-8 13002
-7 13002
-6 13001
-5 13000
-4 12998
-3 12997
-2 12995
-1 12993
0 12990
