-288 6121
-284 6128
-282 6128
-281 6129
-280 6133
-279 6131
-278 6135
-277 6136
-276 6139
-275 6138
-274 6141
-273 6142
-272 6144
-271 6144
-270 6146
-269 6147
-268 6149
-267 6149
-266 6151
-265 6152
-264 6154
-263 6155
-262 6156
-261 6157
-260 6158
-259 6160
-258 6161
-257 6162
-256 6163
-255 6165
-254 6166
-253 6167
-252 6168
-251 6169
-250 6171
-249 6172
-248 6173
-247 6174
-246 6175
-245 6176
-244 6178
-243 6179
-242 6180
-241 6181
-240 6182
-239 6184
-238 6185
-237 6186
-236 6187
-235 6188
-234 6189
-233 6191
-232 6192
-231 6193
-230 6194
-229 6195
-228 6196
-227 6197
-226 6199
-225 6200
-224 6201
-223 6202
-222 6203
-221 6204
-220 6205
-219 6207
-218 6208
-217 6209
-216 6210
-215 6211
-214 6212
-213 6213
-212 6215
-211 6216
-210 6217
-209 6218
-208 6219
-207 6220
-206 6221
-205 6223
-204 6224
-203 6225
-202 6226
-201 6227
-200 6228
-199 6229
-198 6231
-197 6232
-196 6233
-195 6234
-194 6235
-193 6236
-192 6238
-191 6239
-190 6240
-189 6241
-188 6242
-187 6243
-186 6244
-185 6246
-184 6247
-183 6248
-182 6249
-181 6250
-180 6251
-179 6253
-178 6254
-177 6255
-176 6256
-175 6257
-174 6258
-173 6259
-172 6261
-171 6262
-170 6263
-169 6264
-168 6265
-167 6266
-166 6267
-165 6269
-164 6270
-163 6271
-162 6272
-161 6273
-160 6274
-159 6275
-158 6277
-157 6278
-156 6279
-155 6280
-154 6281
-153 6282
-152 6283
-151 6284
-150 6285
-149 6286
-148 6288
-147 6289
-146 6290
-145 6291
-144 6292
-143 6293
-142 6294
-141 6295
-140 6296
-139 6297
-138 6298
-137 6299
-136 6300
-135 6301
-134 6302
-133 6303
-132 6304
-131 6305
-130 6306
-129 6307
-128 6308
-127 6309
-126 6310
-125 6311
-124 6312
-123 6313
-122 6314
-121 6315
-120 6316
-119 6317
-118 6318
-117 6318
-116 6319
-115 6320
-114 6321
-113 6322
-112 6323
-111 6324
-110 6324
-109 6325
-108 6326
-107 6327
-106 6328
-105 6328
-104 6329
-103 6330
-102 6331
-101 6331
-100 6332
-99 6333
-98 6333
-97 6334
-96 6335
-95 6335
-94 6336
-93 6337
-92 6337
-91 6338
-90 6339
-89 6339
-88 6340
-87 6340
-86 6341
-85 6341
-84 6342
-83 6342
-82 6343
-81 6343
-80 6344
-79 6344
-78 6344
-77 6345
-76 6345
-75 6346
-74 6346
-73 6346
-72 6346
-71 6347
-70 6347
-69 6347
-68 6347
-67 6348
-66 6348
-65 6348
-64 6348
-63 6348
-62 6348
-61 6349
-60 6349
-59 6349
-58 6349
-57 6349
-56 6349
-55 6349
-54 6349
-53 6348
-52 6348
-51 6348
-50 6348
-49 6348
-48 6348
-47 6347
-46 6347
-45 6347
-44 6347
-43 6346
-42 6346
-41 6346
-40 6345
-39 6345
-38 6344
-37 6344
-36 6343
-35 6343
-34 6342
-33 6341
-32 6341
-31 6340
-30 6339
-29 6339
-28 6338
-27 6337
-26 6336
-25 6335
-24 6334
-23 6333
-22 6332
-21 6331
-20 6330
-19 6329
-18 6328
-17 6327
-16 6325
-15 6324
-14 6322
-13 6321
-12 6319
-11 6318
-10 6316
-9 6314
-8 6312
-7 6310
-6 6308
-5 6305
-4 6303
-3 6300
-2 6297
-1 6294
0 6290
