-128 2796
-124 2801
-122 2802
-121 2803
-120 2806
-119 2805
-118 2808
-117 2809
-116 2811
-115 2811
-114 2813
-113 2814
-112 2815
-111 2816
-110 2817
-109 2818
-108 2820
-107 2821
-106 2822
-105 2823
-104 2824
-103 2825
-102 2826
-101 2828
-100 2829
-99 2830
-98 2831
-97 2832
-96 2833
-95 2834
-94 2835
-93 2837
-92 2838
-91 2839
-90 2840
-89 2841
-88 2842
-87 2843
-86 2844
-85 2846
-84 2847
-83 2848
-82 2849
-81 2850
-80 2851
-79 2852
-78 2854
-77 2855
-76 2856
-75 2857
-74 2858
-73 2859
-72 2860
-71 2862
-70 2863
-69 2864
-68 2865
-67 2866
-66 2867
-65 2868
-64 2869
-63 2870
-62 2871
-61 2872
-60 2873
-59 2874
-58 2876
-57 2877
-56 2877
-55 2878
-54 2879
-53 2880
-52 2881
-51 2882
-50 2883
-49 2884
-48 2885
-47 2885
-46 2886
-45 2887
-44 2888
-43 2888
-42 2889
-41 2890
-40 2890
-39 2891
-38 2891
-37 2892
-36 2892
-35 2893
-34 2893
-33 2894
-32 2894
-31 2894
-30 2894
-29 2895
-28 2895
-27 2895
-26 2895
-25 2895
-24 2895
-23 2895
-22 2895
-21 2894
-20 2894
-19 2894
-18 2893
-17 2893
-16 2893
-15 2892
-14 2891
-13 2891
-12 2890
-11 2889
-10 2888
-9 2887
-8 2886
-7 2885
-6 2883
-5 2882
-4 2880
-3 2878
-2 2876
-1 2873
0 2870
