-800 15923
-796 15931
-794 15932
-793 15934
-792 15938
-791 15935
-790 15940
-789 15942
-788 15945
-787 15944
-786 15947
-785 15949
-784 15952
-783 15951
-782 15954
-781 15956
-780 15958
-779 15958
-778 15961
-777 15962
-776 15964
-775 15965
-774 15967
-773 15969
-772 15971
-771 15971
-770 15973
-769 15975
-768 15977
-767 15978
-766 15979
-765 15981
-764 15983
-763 15984
-762 15986
-761 15987
-760 15989
-759 15990
-758 15992
-757 15993
-756 15994
-755 15996
-754 15997
-753 15999
-752 16000
-751 16002
-750 16003
-749 16005
-748 16006
-747 16008
-746 16009
-745 16011
-744 16012
-743 16013
-742 16015
-741 16016
-740 16018
-739 16019
-738 16021
-737 16022
-736 16023
-735 16025
-734 16026
-733 16028
-732 16029
-731 16031
-730 16032
-729 16033
-728 16035
-727 16036
-726 16038
-725 16039
-724 16040
-723 16042
-722 16043
-721 16045
-720 16046
-719 16047
-718 16049
-717 16050
-716 16052
-715 16053
-714 16054
-713 16056
-712 16057
-711 16058
-710 16060
-709 16061
-708 16063
-707 16064
-706 16065
-705 16067
-704 16068
-703 16069
-702 16071
-701 16072
-700 16074
-699 16075
-698 16076
-697 16078
-696 16079
-695 16080
-694 16082
-693 16083
-692 16084
-691 16086
-690 16087
-689 16088
-688 16090
-687 16091
-686 16093
-685 16094
-684 16095
-683 16097
-682 16098
-681 16099
-680 16101
-679 16102
-678 16103
-677 16105
-676 16106
-675 16107
-674 16109
-673 16110
-672 16111
-671 16113
-670 16114
-669 16115
-668 16117
-667 16118
-666 16119
-665 16121
-664 16122
-663 16123
-662 16125
-661 16126
-660 16127
-659 16129
-658 16130
-657 16131
-656 16133
-655 16134
-654 16135
-653 16137
-652 16138
-651 16139
-650 16141
-649 16142
-648 16143
-647 16145
-646 16146
-645 16147
-644 16149
-643 16150
-642 16151
-641 16153
-640 16154
-639 16155
-638 16157
-637 16158
-636 16159
-635 16161
-634 16162
-633 16163
-632 16165
-631 16166
-630 16167
-629 16169
-628 16170
-627 16171
-626 16173
-625 16174
-624 16175
-623 16177
-622 16178
-621 16179
-620 16180
-619 16182
-618 16183
-617 16184
-616 16186
-615 16187
-614 16188
-613 16190
-612 16191
-611 16192
-610 16194
-609 16195
-608 16196
-607 16198
-606 16199
-605 16200
-604 16202
-603 16203
-602 16204
-601 16206
-600 16207
-599 16208
-598 16210
-597 16211
-596 16212
-595 16214
-594 16215
-593 16216
-592 16218
-591 16219
-590 16220
-589 16222
-588 16223
-587 16224
-586 16226
-585 16227
-584 16228
-583 16229
-582 16231
-581 16232
-580 16233
-579 16235
-578 16236
-577 16237
-576 16239
-575 16240
-574 16241
-573 16243
-572 16244
-571 16245
-570 16247
-569 16248
-568 16249
-567 16251
-566 16252
-565 16253
-564 16255
-563 16256
-562 16257
-561 16259
-560 16260
-559 16261
-558 16263
-557 16264
-556 16265
-555 16267
-554 16268
-553 16269
-552 16271
-551 16272
-550 16273
-549 16275
-548 16276
-547 16277
-546 16279
-545 16280
-544 16281
-543 16282
-542 16284
-541 16285
-540 16286
-539 16288
-538 16289
-537 16290
-536 16292
-535 16293
-534 16294
-533 16296
-532 16297
-531 16298
-530 16300
-529 16301
-528 16302
-527 16304
-526 16305
-525 16306
-524 16308
-523 16309
-522 16310
-521 16312
-520 16313
-519 16314
-518 16316
-517 16317
-516 16318
-515 16320
-514 16321
-513 16322
-512 16324
-511 16325
-510 16326
-509 16328
-508 16329
-507 16330
-506 16332
-505 16333
-504 16334
-503 16336
-502 16337
-501 16338
-500 16340
-499 16341
-498 16343
-497 16344
-496 16345
-495 16347
-494 16348
-493 16349
-492 16351
-491 16352
-490 16353
-489 16355
-488 16356
-487 16357
-486 16359
-485 16360
-484 16361
-483 16363
-482 16364
-481 16365
-480 16367
-479 16368
-478 16369
-477 16371
-476 16372
-475 16373
-474 16375
-473 16376
-472 16377
-471 16379
-470 16380
-469 16381
-468 16383
-467 16384
-466 16386
-465 16387
-464 16388
-463 16390
-462 16391
-461 16392
-460 16394
-459 16395
-458 16396
-457 16398
-456 16399
-455 16400
-454 16402
-453 16403
-452 16404
-451 16406
-450 16407
-449 16409
-448 16410
-447 16411
-446 16413
-445 16414
-444 16415
-443 16417
-442 16418
-441 16419
-440 16421
-439 16422
-438 16423
-437 16425
-436 16426
-435 16427
-434 16429
-433 16430
-432 16431
-431 16433
-430 16434
-429 16436
-428 16437
-427 16438
-426 16440
-425 16441
-424 16442
-423 16444
-422 16445
-421 16446
-420 16448
-419 16449
-418 16450
-417 16452
-416 16453
-415 16454
-414 16456
-413 16457
-412 16458
-411 16460
-410 16461
-409 16462
-408 16464
-407 16465
-406 16466
-405 16468
-404 16469
-403 16470
-402 16472
-401 16473
-400 16474
-399 16476
-398 16477
-397 16478
-396 16480
-395 16481
-394 16482
-393 16484
-392 16485
-391 16486
-390 16488
-389 16489
-388 16490
-387 16492
-386 16493
-385 16494
-384 16496
-383 16497
-382 16498
-381 16500
-380 16501
-379 16502
-378 16504
-377 16505
-376 16506
-375 16508
-374 16509
-373 16510
-372 16512
-371 16513
-370 16514
-369 16515
-368 16517
-367 16518
-366 16519
-365 16521
-364 16522
-363 16523
-362 16525
-361 16526
-360 16527
-359 16528
-358 16530
-357 16531
-356 16532
-355 16534
-354 16535
-353 16536
-352 16537
-351 16539
-350 16540
-349 16541
-348 16543
-347 16544
-346 16545
-345 16546
-344 16548
-343 16549
-342 16550
-341 16551
-340 16553
-339 16554
-338 16555
-337 16557
-336 16558
-335 16559
-334 16560
-333 16562
-332 16563
-331 16564
-330 16565
-329 16567
-328 16568
-327 16569
-326 16570
-325 16572
-324 16573
-323 16574
-322 16575
-321 16577
-320 16578
-319 16579
-318 16580
-317 16581
-316 16583
-315 16584
-314 16585
-313 16586
-312 16588
-311 16589
-310 16590
-309 16591
-308 16592
-307 16594
-306 16595
-305 16596
-304 16597
-303 16598
-302 16600
-301 16601
-300 16602
-299 16603
-298 16604
-297 16606
-296 16607
-295 16608
-294 16609
-293 16610
-292 16611
-291 16613
-290 16614
-289 16615
-288 16616
-287 16617
-286 16618
-285 16619
-284 16621
-283 16622
-282 16623
-281 16624
-280 16625
-279 16626
-278 16627
-277 16629
-276 16630
-275 16631
-274 16632
-273 16633
-272 16634
-271 16635
-270 16636
-269 16638
-268 16639
-267 16640
-266 16641
-265 16642
-264 16643
-263 16644
-262 16645
-261 16646
-260 16647
-259 16648
-258 16649
-257 16651
-256 16652
-255 16653
-254 16654
-253 16655
-252 16656
-251 16657
-250 16658
-249 16659
-248 16660
-247 16661
-246 16662
-245 16663
-244 16664
-243 16665
-242 16666
-241 16667
-240 16668
-239 16669
-238 16670
-237 16671
-236 16672
-235 16673
-234 16674
-233 16675
-232 16676
-231 16677
-230 16678
-229 16679
-228 16680
-227 16681
-226 16682
-225 16683
-224 16683
-223 16684
-222 16685
-221 16686
-220 16687
-219 16688
-218 16689
-217 16690
-216 16691
-215 16692
-214 16693
-213 16693
-212 16694
-211 16695
-210 16696
-209 16697
-208 16698
-207 16699
-206 16699
-205 16700
-204 16701
-203 16702
-202 16703
-201 16704
-200 16704
-199 16705
-198 16706
-197 16707
-196 16708
-195 16708
-194 16709
-193 16710
-192 16711
-191 16711
-190 16712
-189 16713
-188 16714
-187 16714
-186 16715
-185 16716
-184 16717
-183 16717
-182 16718
-181 16719
-180 16719
-179 16720
-178 16721
-177 16721
-176 16722
-175 16723
-174 16723
-173 16724
-172 16725
-171 16725
-170 16726
-169 16727
-168 16727
-167 16728
-166 16728
-165 16729
-164 16730
-163 16730
-162 16731
-161 16731
-160 16732
-159 16732
-158 16733
-157 16733
-156 16734
-155 16735
-154 16735
-153 16736
-152 16736
-151 16737
-150 16737
-149 16737
-148 16738
-147 16738
-146 16739
-145 16739
-144 16740
-143 16740
-142 16741
-141 16741
-140 16741
-139 16742
-138 16742
-137 16743
-136 16743
-135 16743
-134 16744
-133 16744
-132 16744
-131 16745
-130 16745
-129 16745
-128 16745
-127 16746
-126 16746
-125 16746
-124 16747
-123 16747
-122 16747
-121 16747
-120 16748
-119 16748
-118 16748
-117 16748
-116 16748
-115 16748
-114 16749
-113 16749
-112 16749
-111 16749
-110 16749
-109 16749
-108 16749
-107 16749
-106 16750
-105 16750
-104 16750
-103 16750
-102 16750
-101 16750
-100 16750
-99 16750
-98 16750
-97 16750
-96 16750
-95 16750
-94 16750
-93 16750
-92 16749
-91 16749
-90 16749
-89 16749
-88 16749
-87 16749
-86 16749
-85 16748
-84 16748
-83 16748
-82 16748
-81 16748
-80 16747
-79 16747
-78 16747
-77 16747
-76 16746
-75 16746
-74 16746
-73 16745
-72 16745
-71 16745
-70 16744
-69 16744
-68 16743
-67 16743
-66 16743
-65 16742
-64 16742
-63 16741
-62 16741
-61 16740
-60 16740
-59 16739
-58 16738
-57 16738
-56 16737
-55 16737
-54 16736
-53 16735
-52 16735
-51 16734
-50 16733
-49 16732
-48 16732
-47 16731
-46 16730
-45 16729
-44 16728
-43 16727
-42 16726
-41 16725
-40 16724
-39 16724
-38 16722
-37 16721
-36 16720
-35 16719
-34 16718
-33 16717
-32 16716
-31 16715
-30 16713
-29 16712
-28 16711
-27 16709
-26 16708
-25 16707
-24 16705
-23 16704
-22 16702
-21 16700
-20 16699
-19 16697
-18 16695
-17 16694
-16 16692
-15 16690
-14 16688
-13 16686
-12 16684
-11 16681
-10 16679
-9 16677
-8 16674
-7 16672
-6 16669
-5 16666
-4 16663
-3 16660
-2 16656
-1 16652
0 16647
