-128 3127
-124 3131
-122 3131
-120 3134
-118 3136
-116 3138
-114 3139
-112 3141
-110 3143
-108 3144
-106 3146
-104 3148
-102 3149
-100 3151
-98 3152
-96 3154
-94 3156
-92 3157
-90 3158
-88 3160
-86 3161
-84 3162
-82 3163
-80 3164
-78 3165
-76 3166
-74 3167
-72 3167
-70 3168
-68 3168
-66 3168
-64 3168
-62 3168
-60 3168
-58 3168
-56 3167
-54 3167
-52 3166
-50 3165
-48 3164
-46 3163
-44 3162
-42 3161
-40 3160
-38 3158
-36 3157
-34 3156
-32 3154
-30 3153
-28 3151
-26 3149
-24 3148
-22 3146
-20 3144
-18 3143
-16 3141
-14 3139
-12 3138
-10 3136
-8 3134
-6 3131
-4 3131
0 3127
