-512 89503
-508 89511
-506 89511
-505 89513
-504 89517
-503 89515
-502 89519
-501 89521
-500 89524
-499 89523
-498 89526
-497 89527
-496 89530
-495 89530
-494 89532
-493 89534
-492 89536
-491 89536
-490 89539
-489 89540
-488 89542
-487 89543
-486 89545
-485 89546
-484 89548
-483 89549
-482 89550
-481 89552
-480 89553
-479 89555
-478 89556
-477 89558
-476 89559
-475 89561
-474 89562
-473 89563
-472 89565
-471 89566
-470 89568
-469 89569
-468 89570
-467 89572
-466 89573
-465 89575
-464 89576
-463 89577
-462 89579
-461 89580
-460 89582
-459 89583
-458 89584
-457 89586
-456 89587
-455 89589
-454 89590
-453 89591
-452 89593
-451 89594
-450 89595
-449 89597
-448 89598
-447 89599
-446 89601
-445 89602
-444 89604
-443 89605
-442 89606
-441 89608
-440 89609
-439 89610
-438 89612
-437 89613
-436 89614
-435 89616
-434 89617
-433 89618
-432 89620
-431 89621
-430 89622
-429 89624
-428 89625
-427 89626
-426 89628
-425 89629
-424 89630
-423 89632
-422 89633
-421 89634
-420 89636
-419 89637
-418 89638
-417 89640
-416 89641
-415 89642
-414 89644
-413 89645
-412 89646
-411 89648
-410 89649
-409 89650
-408 89652
-407 89653
-406 89654
-405 89656
-404 89657
-403 89658
-402 89659
-401 89661
-400 89662
-399 89663
-398 89665
-397 89666
-396 89667
-395 89669
-394 89670
-393 89671
-392 89673
-391 89674
-390 89675
-389 89677
-388 89678
-387 89679
-386 89681
-385 89682
-384 89683
-383 89685
-382 89686
-381 89687
-380 89688
-379 89690
-378 89691
-377 89692
-376 89694
-375 89695
-374 89696
-373 89698
-372 89699
-371 89700
-370 89702
-369 89703
-368 89704
-367 89706
-366 89707
-365 89708
-364 89710
-363 89711
-362 89712
-361 89713
-360 89715
-359 89716
-358 89717
-357 89719
-356 89720
-355 89721
-354 89723
-353 89724
-352 89725
-351 89727
-350 89728
-349 89729
-348 89731
-347 89732
-346 89733
-345 89735
-344 89736
-343 89737
-342 89739
-341 89740
-340 89741
-339 89743
-338 89744
-337 89745
-336 89746
-335 89748
-334 89749
-333 89750
-332 89752
-331 89753
-330 89754
-329 89756
-328 89757
-327 89758
-326 89760
-325 89761
-324 89762
-323 89764
-322 89765
-321 89766
-320 89768
-319 89769
-318 89770
-317 89772
-316 89773
-315 89774
-314 89776
-313 89777
-312 89778
-311 89780
-310 89781
-309 89782
-308 89784
-307 89785
-306 89786
-305 89788
-304 89789
-303 89790
-302 89792
-301 89793
-300 89795
-299 89796
-298 89797
-297 89799
-296 89800
-295 89801
-294 89803
-293 89804
-292 89805
-291 89807
-290 89808
-289 89809
-288 89811
-287 89812
-286 89813
-285 89815
-284 89816
-283 89817
-282 89819
-281 89820
-280 89822
-279 89823
-278 89824
-277 89826
-276 89827
-275 89828
-274 89830
-273 89831
-272 89832
-271 89834
-270 89835
-269 89836
-268 89838
-267 89839
-266 89840
-265 89842
-264 89843
-263 89844
-262 89846
-261 89847
-260 89848
-259 89850
-258 89851
-257 89852
-256 89854
-255 89855
-254 89856
-253 89858
-252 89859
-251 89860
-250 89862
-249 89863
-248 89864
-247 89866
-246 89867
-245 89868
-244 89870
-243 89871
-242 89872
-241 89874
-240 89875
-239 89876
-238 89878
-237 89879
-236 89880
-235 89882
-234 89883
-233 89884
-232 89886
-231 89887
-230 89888
-229 89889
-228 89891
-227 89892
-226 89893
-225 89895
-224 89896
-223 89897
-222 89898
-221 89900
-220 89901
-219 89902
-218 89904
-217 89905
-216 89906
-215 89907
-214 89909
-213 89910
-212 89911
-211 89912
-210 89914
-209 89915
-208 89916
-207 89917
-206 89919
-205 89920
-204 89921
-203 89922
-202 89924
-201 89925
-200 89926
-199 89927
-198 89928
-197 89930
-196 89931
-195 89932
-194 89933
-193 89934
-192 89936
-191 89937
-190 89938
-189 89939
-188 89940
-187 89942
-186 89943
-185 89944
-184 89945
-183 89946
-182 89947
-181 89948
-180 89950
-179 89951
-178 89952
-177 89953
-176 89954
-175 89955
-174 89956
-173 89957
-172 89959
-171 89960
-170 89961
-169 89962
-168 89963
-167 89964
-166 89965
-165 89966
-164 89967
-163 89968
-162 89969
-161 89970
-160 89971
-159 89973
-158 89974
-157 89975
-156 89976
-155 89977
-154 89978
-153 89979
-152 89980
-151 89981
-150 89982
-149 89983
-148 89984
-147 89984
-146 89985
-145 89986
-144 89987
-143 89988
-142 89989
-141 89990
-140 89991
-139 89992
-138 89993
-137 89994
-136 89995
-135 89995
-134 89996
-133 89997
-132 89998
-131 89999
-130 90000
-129 90000
-128 90001
-127 90002
-126 90003
-125 90004
-124 90004
-123 90005
-122 90006
-121 90007
-120 90008
-119 90008
-118 90009
-117 90010
-116 90010
-115 90011
-114 90012
-113 90012
-112 90013
-111 90014
-110 90014
-109 90015
-108 90016
-107 90016
-106 90017
-105 90017
-104 90018
-103 90019
-102 90019
-101 90020
-100 90020
-99 90021
-98 90021
-97 90022
-96 90022
-95 90023
-94 90023
-93 90024
-92 90024
-91 90025
-90 90025
-89 90025
-88 90026
-87 90026
-86 90026
-85 90027
-84 90027
-83 90027
-82 90028
-81 90028
-80 90028
-79 90029
-78 90029
-77 90029
-76 90029
-75 90029
-74 90030
-73 90030
-72 90030
-71 90030
-70 90030
-69 90030
-68 90030
-67 90030
-66 90030
-65 90031
-64 90031
-63 90031
-62 90031
-61 90030
-60 90030
-59 90030
-58 90030
-57 90030
-56 90030
-55 90030
-54 90030
-53 90029
-52 90029
-51 90029
-50 90029
-49 90028
-48 90028
-47 90028
-46 90028
-45 90027
-44 90027
-43 90026
-42 90026
-41 90025
-40 90025
-39 90024
-38 90024
-37 90023
-36 90023
-35 90022
-34 90021
-33 90021
-32 90020
-31 90019
-30 90018
-29 90018
-28 90017
-27 90016
-26 90015
-25 90014
-24 90013
-23 90012
-22 90011
-21 90010
-20 90008
-19 90007
-18 90006
-17 90004
-16 90003
-15 90002
-14 90000
-13 89998
-12 89997
-11 89995
-10 89993
-9 89991
-8 89989
-7 89987
-6 89985
-5 89982
-4 89980
-3 89977
-2 89974
-1 89970
0 89966
