-128 2983
-124 2988
-122 2989
-121 2989
-120 2992
-119 2991
-118 2994
-117 2994
-116 2996
-115 2996
-114 2998
-113 2998
-112 3000
-111 3000
-110 3002
-109 3003
-108 3004
-107 3005
-106 3006
-105 3007
-104 3008
-103 3009
-102 3010
-101 3011
-100 3012
-99 3012
-98 3013
-97 3014
-96 3015
-95 3016
-94 3017
-93 3018
-92 3019
-91 3020
-90 3021
-89 3022
-88 3023
-87 3024
-86 3025
-85 3026
-84 3027
-83 3028
-82 3028
-81 3029
-80 3030
-79 3031
-78 3032
-77 3033
-76 3034
-75 3035
-74 3035
-73 3036
-72 3037
-71 3038
-70 3038
-69 3039
-68 3040
-67 3041
-66 3041
-65 3042
-64 3043
-63 3043
-62 3044
-61 3044
-60 3045
-59 3046
-58 3046
-57 3047
-56 3047
-55 3047
-54 3048
-53 3048
-52 3048
-51 3049
-50 3049
-49 3049
-48 3049
-47 3050
-46 3050
-45 3050
-44 3050
-43 3050
-42 3050
-41 3050
-40 3050
-39 3050
-38 3050
-37 3049
-36 3049
-35 3049
-34 3049
-33 3048
-32 3048
-31 3048
-30 3047
-29 3047
-28 3046
-27 3046
-26 3045
-25 3044
-24 3044
-23 3043
-22 3042
-21 3041
-20 3040
-19 3040
-18 3039
-17 3038
-16 3037
-15 3035
-14 3034
-13 3033
-12 3032
-11 3031
-10 3029
-9 3028
-8 3026
-7 3025
-6 3023
-5 3021
-4 3020
-3 3018
-2 3016
-1 3013
0 3011
