-450 25811
-446 25818
-444 25819
-443 25821
-442 25825
-441 25823
-440 25827
-439 25828
-438 25831
-437 25830
-436 25833
-435 25835
-434 25837
-433 25837
-432 25840
-431 25841
-430 25843
-429 25844
-428 25846
-427 25847
-426 25849
-425 25850
-424 25852
-423 25853
-422 25855
-421 25856
-420 25858
-419 25859
-418 25860
-417 25862
-416 25863
-415 25865
-414 25866
-413 25867
-412 25869
-411 25870
-410 25872
-409 25873
-408 25874
-407 25876
-406 25877
-405 25879
-404 25880
-403 25881
-402 25883
-401 25884
-400 25886
-399 25887
-398 25888
-397 25890
-396 25891
-395 25892
-394 25894
-393 25895
-392 25896
-391 25898
-390 25899
-389 25901
-388 25902
-387 25903
-386 25905
-385 25906
-384 25907
-383 25909
-382 25910
-381 25911
-380 25913
-379 25914
-378 25915
-377 25917
-376 25918
-375 25919
-374 25921
-373 25922
-372 25923
-371 25925
-370 25926
-369 25927
-368 25929
-367 25930
-366 25931
-365 25933
-364 25934
-363 25935
-362 25937
-361 25938
-360 25939
-359 25940
-358 25942
-357 25943
-356 25944
-355 25946
-354 25947
-353 25948
-352 25950
-351 25951
-350 25952
-349 25954
-348 25955
-347 25956
-346 25958
-345 25959
-344 25960
-343 25962
-342 25963
-341 25964
-340 25965
-339 25967
-338 25968
-337 25969
-336 25971
-335 25972
-334 25973
-333 25975
-332 25976
-331 25977
-330 25979
-329 25980
-328 25981
-327 25983
-326 25984
-325 25985
-324 25986
-323 25988
-322 25989
-321 25990
-320 25992
-319 25993
-318 25994
-317 25996
-316 25997
-315 25998
-314 26000
-313 26001
-312 26002
-311 26004
-310 26005
-309 26006
-308 26008
-307 26009
-306 26010
-305 26012
-304 26013
-303 26014
-302 26015
-301 26017
-300 26018
-299 26019
-298 26021
-297 26022
-296 26023
-295 26025
-294 26026
-293 26027
-292 26029
-291 26030
-290 26031
-289 26033
-288 26034
-287 26035
-286 26037
-285 26038
-284 26039
-283 26041
-282 26042
-281 26043
-280 26045
-279 26046
-278 26047
-277 26049
-276 26050
-275 26051
-274 26053
-273 26054
-272 26055
-271 26057
-270 26058
-269 26059
-268 26061
-267 26062
-266 26063
-265 26065
-264 26066
-263 26067
-262 26069
-261 26070
-260 26071
-259 26073
-258 26074
-257 26075
-256 26077
-255 26078
-254 26079
-253 26081
-252 26082
-251 26084
-250 26085
-249 26086
-248 26088
-247 26089
-246 26090
-245 26092
-244 26093
-243 26094
-242 26096
-241 26097
-240 26098
-239 26100
-238 26101
-237 26102
-236 26104
-235 26105
-234 26106
-233 26108
-232 26109
-231 26111
-230 26112
-229 26113
-228 26115
-227 26116
-226 26117
-225 26119
-224 26120
-223 26121
-222 26123
-221 26124
-220 26125
-219 26127
-218 26128
-217 26129
-216 26131
-215 26132
-214 26133
-213 26135
-212 26136
-211 26137
-210 26138
-209 26140
-208 26141
-207 26142
-206 26144
-205 26145
-204 26146
-203 26148
-202 26149
-201 26150
-200 26152
-199 26153
-198 26154
-197 26155
-196 26157
-195 26158
-194 26159
-193 26161
-192 26162
-191 26163
-190 26164
-189 26166
-188 26167
-187 26168
-186 26169
-185 26171
-184 26172
-183 26173
-182 26174
-181 26176
-180 26177
-179 26178
-178 26179
-177 26181
-176 26182
-175 26183
-174 26184
-173 26185
-172 26187
-171 26188
-170 26189
-169 26190
-168 26191
-167 26193
-166 26194
-165 26195
-164 26196
-163 26197
-162 26198
-161 26200
-160 26201
-159 26202
-158 26203
-157 26204
-156 26205
-155 26206
-154 26208
-153 26209
-152 26210
-151 26211
-150 26212
-149 26213
-148 26214
-147 26215
-146 26216
-145 26217
-144 26218
-143 26220
-142 26221
-141 26222
-140 26223
-139 26224
-138 26225
-137 26226
-136 26227
-135 26228
-134 26229
-133 26230
-132 26231
-131 26232
-130 26233
-129 26234
-128 26235
-127 26236
-126 26236
-125 26237
-124 26238
-123 26239
-122 26240
-121 26241
-120 26242
-119 26243
-118 26244
-117 26245
-116 26245
-115 26246
-114 26247
-113 26248
-112 26249
-111 26249
-110 26250
-109 26251
-108 26252
-107 26253
-106 26253
-105 26254
-104 26255
-103 26256
-102 26256
-101 26257
-100 26258
-99 26258
-98 26259
-97 26260
-96 26260
-95 26261
-94 26262
-93 26262
-92 26263
-91 26263
-90 26264
-89 26264
-88 26265
-87 26265
-86 26266
-85 26266
-84 26267
-83 26267
-82 26268
-81 26268
-80 26269
-79 26269
-78 26270
-77 26270
-76 26270
-75 26271
-74 26271
-73 26271
-72 26272
-71 26272
-70 26272
-69 26272
-68 26273
-67 26273
-66 26273
-65 26273
-64 26273
-63 26274
-62 26274
-61 26274
-60 26274
-59 26274
-58 26274
-57 26274
-56 26274
-55 26274
-54 26274
-53 26274
-52 26274
-51 26274
-50 26274
-49 26274
-48 26273
-47 26273
-46 26273
-45 26273
-44 26272
-43 26272
-42 26272
-41 26272
-40 26271
-39 26271
-38 26270
-37 26270
-36 26270
-35 26269
-34 26269
-33 26268
-32 26267
-31 26267
-30 26266
-29 26265
-28 26265
-27 26264
-26 26263
-25 26262
-24 26261
-23 26260
-22 26259
-21 26258
-20 26257
-19 26256
-18 26255
-17 26254
-16 26253
-15 26251
-14 26250
-13 26248
-12 26247
-11 26245
-10 26244
-9 26242
-8 26240
-7 26238
-6 26236
-5 26233
-4 26231
-3 26228
-2 26225
-1 26222
0 26217
