-288 15120
-284 15127
-282 15127
-281 15129
-280 15133
-279 15131
-278 15134
-277 15136
-276 15139
-275 15138
-274 15141
-273 15142
-272 15144
-271 15145
-270 15147
-269 15148
-268 15150
-267 15151
-266 15152
-265 15154
-264 15155
-263 15157
-262 15158
-261 15159
-260 15161
-259 15162
-258 15164
-257 15165
-256 15166
-255 15168
-254 15169
-253 15170
-252 15172
-251 15173
-250 15174
-249 15176
-248 15177
-247 15178
-246 15180
-245 15181
-244 15182
-243 15184
-242 15185
-241 15186
-240 15188
-239 15189
-238 15190
-237 15192
-236 15193
-235 15194
-234 15196
-233 15197
-232 15198
-231 15200
-230 15201
-229 15202
-228 15203
-227 15205
-226 15206
-225 15207
-224 15209
-223 15210
-222 15211
-221 15213
-220 15214
-219 15215
-218 15217
-217 15218
-216 15219
-215 15220
-214 15222
-213 15223
-212 15224
-211 15226
-210 15227
-209 15228
-208 15230
-207 15231
-206 15232
-205 15233
-204 15235
-203 15236
-202 15237
-201 15239
-200 15240
-199 15241
-198 15243
-197 15244
-196 15245
-195 15247
-194 15248
-193 15249
-192 15250
-191 15252
-190 15253
-189 15254
-188 15256
-187 15257
-186 15258
-185 15260
-184 15261
-183 15262
-182 15264
-181 15265
-180 15266
-179 15268
-178 15269
-177 15270
-176 15272
-175 15273
-174 15274
-173 15276
-172 15277
-171 15278
-170 15280
-169 15281
-168 15282
-167 15284
-166 15285
-165 15286
-164 15288
-163 15289
-162 15290
-161 15292
-160 15293
-159 15294
-158 15296
-157 15297
-156 15298
-155 15300
-154 15301
-153 15302
-152 15304
-151 15305
-150 15306
-149 15308
-148 15309
-147 15310
-146 15312
-145 15313
-144 15314
-143 15316
-142 15317
-141 15318
-140 15320
-139 15321
-138 15322
-137 15324
-136 15325
-135 15326
-134 15328
-133 15329
-132 15330
-131 15332
-130 15333
-129 15334
-128 15336
-127 15337
-126 15338
-125 15339
-124 15341
-123 15342
-122 15343
-121 15345
-120 15346
-119 15347
-118 15348
-117 15350
-116 15351
-115 15352
-114 15353
-113 15355
-112 15356
-111 15357
-110 15358
-109 15359
-108 15361
-107 15362
-106 15363
-105 15364
-104 15365
-103 15367
-102 15368
-101 15369
-100 15370
-99 15371
-98 15372
-97 15373
-96 15374
-95 15376
-94 15377
-93 15378
-92 15379
-91 15380
-90 15381
-89 15382
-88 15383
-87 15384
-86 15385
-85 15386
-84 15387
-83 15388
-82 15389
-81 15390
-80 15391
-79 15392
-78 15393
-77 15394
-76 15394
-75 15395
-74 15396
-73 15397
-72 15398
-71 15399
-70 15399
-69 15400
-68 15401
-67 15402
-66 15402
-65 15403
-64 15404
-63 15404
-62 15405
-61 15406
-60 15406
-59 15407
-58 15408
-57 15408
-56 15409
-55 15409
-54 15410
-53 15410
-52 15411
-51 15411
-50 15411
-49 15412
-48 15412
-47 15412
-46 15413
-45 15413
-44 15413
-43 15414
-42 15414
-41 15414
-40 15414
-39 15414
-38 15414
-37 15414
-36 15414
-35 15414
-34 15414
-33 15414
-32 15414
-31 15414
-30 15414
-29 15414
-28 15413
-27 15413
-26 15413
-25 15412
-24 15412
-23 15412
-22 15411
-21 15411
-20 15410
-19 15409
-18 15409
-17 15408
-16 15407
-15 15406
-14 15405
-13 15404
-12 15403
-11 15402
-10 15401
-9 15399
-8 15398
-7 15396
-6 15394
-5 15393
-4 15390
-3 15388
-2 15386
-1 15383
0 15379
