-288 15872
-284 15879
-282 15880
-281 15882
-280 15885
-279 15883
-278 15887
-277 15888
-276 15891
-275 15891
-274 15893
-273 15895
-272 15897
-271 15897
-270 15899
-269 15901
-268 15902
-267 15903
-266 15905
-265 15906
-264 15908
-263 15909
-262 15910
-261 15912
-260 15913
-259 15915
-258 15916
-257 15917
-256 15919
-255 15920
-254 15921
-253 15923
-252 15924
-251 15926
-250 15927
-249 15928
-248 15930
-247 15931
-246 15932
-245 15934
-244 15935
-243 15936
-242 15938
-241 15939
-240 15940
-239 15942
-238 15943
-237 15944
-236 15946
-235 15947
-234 15948
-233 15949
-232 15951
-231 15952
-230 15953
-229 15955
-228 15956
-227 15957
-226 15959
-225 15960
-224 15961
-223 15963
-222 15964
-221 15965
-220 15967
-219 15968
-218 15969
-217 15970
-216 15972
-215 15973
-214 15974
-213 15976
-212 15977
-211 15978
-210 15980
-209 15981
-208 15982
-207 15983
-206 15985
-205 15986
-204 15987
-203 15989
-202 15990
-201 15991
-200 15993
-199 15994
-198 15995
-197 15997
-196 15998
-195 15999
-194 16000
-193 16002
-192 16003
-191 16004
-190 16006
-189 16007
-188 16008
-187 16010
-186 16011
-185 16012
-184 16014
-183 16015
-182 16016
-181 16017
-180 16019
-179 16020
-178 16021
-177 16023
-176 16024
-175 16025
-174 16027
-173 16028
-172 16029
-171 16031
-170 16032
-169 16033
-168 16035
-167 16036
-166 16037
-165 16039
-164 16040
-163 16041
-162 16043
-161 16044
-160 16045
-159 16047
-158 16048
-157 16049
-156 16051
-155 16052
-154 16054
-153 16055
-152 16056
-151 16058
-150 16059
-149 16060
-148 16062
-147 16063
-146 16064
-145 16066
-144 16067
-143 16068
-142 16070
-141 16071
-140 16072
-139 16074
-138 16075
-137 16076
-136 16078
-135 16079
-134 16080
-133 16082
-132 16083
-131 16084
-130 16086
-129 16087
-128 16088
-127 16089
-126 16091
-125 16092
-124 16093
-123 16095
-122 16096
-121 16097
-120 16098
-119 16100
-118 16101
-117 16102
-116 16103
-115 16105
-114 16106
-113 16107
-112 16108
-111 16110
-110 16111
-109 16112
-108 16113
-107 16114
-106 16116
-105 16117
-104 16118
-103 16119
-102 16120
-101 16121
-100 16123
-99 16124
-98 16125
-97 16126
-96 16127
-95 16128
-94 16129
-93 16130
-92 16131
-91 16132
-90 16133
-89 16135
-88 16136
-87 16137
-86 16138
-85 16139
-84 16140
-83 16141
-82 16142
-81 16142
-80 16143
-79 16144
-78 16145
-77 16146
-76 16147
-75 16148
-74 16149
-73 16150
-72 16150
-71 16151
-70 16152
-69 16153
-68 16154
-67 16154
-66 16155
-65 16156
-64 16156
-63 16157
-62 16158
-61 16158
-60 16159
-59 16160
-58 16160
-57 16161
-56 16161
-55 16162
-54 16162
-53 16163
-52 16163
-51 16164
-50 16164
-49 16164
-48 16165
-47 16165
-46 16165
-45 16166
-44 16166
-43 16166
-42 16166
-41 16167
-40 16167
-39 16167
-38 16167
-37 16167
-36 16167
-35 16167
-34 16167
-33 16167
-32 16167
-31 16167
-30 16166
-29 16166
-28 16166
-27 16166
-26 16165
-25 16165
-24 16165
-23 16164
-22 16164
-21 16163
-20 16163
-19 16162
-18 16161
-17 16160
-16 16160
-15 16159
-14 16158
-13 16157
-12 16156
-11 16154
-10 16153
-9 16152
-8 16150
-7 16149
-6 16147
-5 16145
-4 16143
-3 16141
-2 16138
-1 16135
0 16132
