-242.000000 2.079442
-238.000000 8.779442
-236.000000 9.479442
-235.000000 11.279442
-234.000000 14.779442
-233.000000 12.979442
-232.000000 16.279442
-231.000000 17.979442
-230.000000 20.379442
-229.000000 20.079442
-228.000000 22.479442
-227.000000 23.979442
-226.000000 25.779442
-225.000000 26.379442
-224.000000 28.279442
-223.000000 29.679442
-222.000000 31.179442
-221.000000 32.279442
-220.000000 33.879442
-219.000000 35.279442
-218.000000 36.679442
-217.000000 37.879442
-216.000000 39.379442
-215.000000 40.679442
-214.000000 42.079442
-213.000000 43.379442
-212.000000 44.779442
-211.000000 46.079442
-210.000000 47.479442
-209.000000 48.779442
-208.000000 50.079442
-207.000000 51.479442
-206.000000 52.779442
-205.000000 54.079442
-204.000000 55.379442
-203.000000 56.779442
-202.000000 58.079442
-201.000000 59.379442
-200.000000 60.679442
-199.000000 61.979442
-198.000000 63.379442
-197.000000 64.679442
-196.000000 65.979442
-195.000000 67.279442
-194.000000 68.579442
-193.000000 69.879442
-192.000000 71.179442
-191.000000 72.479442
-190.000000 73.779442
-189.000000 75.079442
-188.000000 76.379442
-187.000000 77.679442
-186.000000 78.979442
-185.000000 80.279442
-184.000000 81.579442
-183.000000 82.879442
-182.000000 84.179442
-181.000000 85.479442
-180.000000 86.779442
-179.000000 88.079442
-178.000000 89.379442
-177.000000 90.679442
-176.000000 91.979442
-175.000000 93.279442
-174.000000 94.579442
-173.000000 95.879442
-172.000000 97.179442
-171.000000 98.479442
-170.000000 99.779442
-169.000000 101.079442
-168.000000 102.379442
-167.000000 103.679442
-166.000000 104.979442
-165.000000 106.279442
-164.000000 107.579442
-163.000000 108.879442
-162.000000 110.179442
-161.000000 111.479442
-160.000000 112.879442
-159.000000 114.179442
-158.000000 115.479442
-157.000000 116.779442
-156.000000 118.079442
-155.000000 119.379442
-154.000000 120.679442
-153.000000 121.979442
-152.000000 123.379442
-151.000000 124.679442
-150.000000 125.979442
-149.000000 127.279442
-148.000000 128.579442
-147.000000 129.979442
-146.000000 131.279442
-145.000000 132.579442
-144.000000 133.979442
-143.000000 135.279442
-142.000000 136.579442
-141.000000 137.879442
-140.000000 139.279442
-139.000000 140.579442
-138.000000 141.979442
-137.000000 143.279442
-136.000000 144.579442
-135.000000 145.979442
-134.000000 147.279442
-133.000000 148.679442
-132.000000 149.979442
-131.000000 151.379442
-130.000000 152.679442
-129.000000 154.079442
-128.000000 155.379442
-127.000000 156.779442
-126.000000 158.079442
-125.000000 159.379442
-124.000000 160.779442
-123.000000 162.079442
-122.000000 163.479442
-121.000000 164.779442
-120.000000 166.179442
-119.000000 167.479442
-118.000000 168.779442
-117.000000 170.179442
-116.000000 171.479442
-115.000000 172.779442
-114.000000 174.179442
-113.000000 175.479442
-112.000000 176.779442
-111.000000 178.079442
-110.000000 179.379442
-109.000000 180.679442
-108.000000 181.979442
-107.000000 183.279442
-106.000000 184.579442
-105.000000 185.879442
-104.000000 187.179442
-103.000000 188.479442
-102.000000 189.779442
-101.000000 190.979442
-100.000000 192.279442
-99.000000 193.579442
-98.000000 194.779442
-97.000000 196.079442
-96.000000 197.279442
-95.000000 198.479442
-94.000000 199.779442
-93.000000 200.979442
-92.000000 202.179442
-91.000000 203.379442
-90.000000 204.579442
-89.000000 205.779442
-88.000000 206.979442
-87.000000 208.079442
-86.000000 209.279442
-85.000000 210.479442
-84.000000 211.579442
-83.000000 212.679442
-82.000000 213.879442
-81.000000 214.979442
-80.000000 216.079442
-79.000000 217.179442
-78.000000 218.279442
-77.000000 219.279442
-76.000000 220.379442
-75.000000 221.379442
-74.000000 222.479442
-73.000000 223.479442
-72.000000 224.479442
-71.000000 225.479442
-70.000000 226.479442
-69.000000 227.379442
-68.000000 228.379442
-67.000000 229.279442
-66.000000 230.179442
-65.000000 231.079442
-64.000000 231.979442
-63.000000 232.879442
-62.000000 233.679442
-61.000000 234.579442
-60.000000 235.379442
-59.000000 236.179442
-58.000000 236.979442
-57.000000 237.679442
-56.000000 238.479442
-55.000000 239.179442
-54.000000 239.879442
-53.000000 240.579442
-52.000000 241.179442
-51.000000 241.879442
-50.000000 242.479442
-49.000000 243.079442
-48.000000 243.579442
-47.000000 244.179442
-46.000000 244.679442
-45.000000 245.179442
-44.000000 245.579442
-43.000000 246.079442
-42.000000 246.479442
-41.000000 246.879442
-40.000000 247.179442
-39.000000 247.479442
-38.000000 247.779442
-37.000000 248.079442
-36.000000 248.279442
-35.000000 248.479442
-34.000000 248.679442
-33.000000 248.779442
-32.000000 248.879442
-31.000000 248.879442
-30.000000 248.979442
-29.000000 248.979442
-28.000000 248.879442
-27.000000 248.779442
-26.000000 248.679442
-25.000000 248.479442
-24.000000 248.279442
-23.000000 247.979442
-22.000000 247.679442
-21.000000 247.279442
-20.000000 246.879442
-19.000000 246.479442
-18.000000 245.879442
-17.000000 245.379442
-16.000000 244.679442
-15.000000 243.979442
-14.000000 243.279442
-13.000000 242.379442
-12.000000 241.479442
-11.000000 240.479442
-10.000000 239.379442
-9.000000 238.179442
-8.000000 236.879442
-7.000000 235.479442
-6.000000 233.979442
-5.000000 232.279442
-4.000000 230.379442
-3.000000 228.279442
-2.000000 225.879442
-1.000000 223.079442
0.000000 219.579442
