-288.000000 2.079442
-284.000000 8.979442
-282.000000 9.679442
-281.000000 11.479442
-280.000000 15.179442
-279.000000 13.279442
-278.000000 16.679442
-277.000000 18.379442
-276.000000 20.979442
-275.000000 20.479442
-274.000000 22.979442
-273.000000 24.579442
-272.000000 26.579442
-271.000000 26.979442
-270.000000 28.979442
-269.000000 30.479442
-268.000000 32.079442
-267.000000 32.979442
-266.000000 34.679442
-265.000000 36.079442
-264.000000 37.579442
-263.000000 38.779442
-262.000000 40.279442
-261.000000 41.679442
-260.000000 43.079442
-259.000000 44.379442
-258.000000 45.779442
-257.000000 47.179442
-256.000000 48.479442
-255.000000 49.879442
-254.000000 51.279442
-253.000000 52.579442
-252.000000 53.979442
-251.000000 55.279442
-250.000000 56.679442
-249.000000 57.979442
-248.000000 59.279442
-247.000000 60.679442
-246.000000 61.979442
-245.000000 63.279442
-244.000000 64.679442
-243.000000 65.979442
-242.000000 67.279442
-241.000000 68.679442
-240.000000 69.979442
-239.000000 71.279442
-238.000000 72.579442
-237.000000 73.879442
-236.000000 75.279442
-235.000000 76.579442
-234.000000 77.879442
-233.000000 79.179442
-232.000000 80.479442
-231.000000 81.779442
-230.000000 83.079442
-229.000000 84.479442
-228.000000 85.779442
-227.000000 87.079442
-226.000000 88.379442
-225.000000 89.679442
-224.000000 90.979442
-223.000000 92.279442
-222.000000 93.579442
-221.000000 94.879442
-220.000000 96.179442
-219.000000 97.479442
-218.000000 98.779442
-217.000000 100.079442
-216.000000 101.379442
-215.000000 102.679442
-214.000000 103.979442
-213.000000 105.279442
-212.000000 106.679442
-211.000000 107.979442
-210.000000 109.279442
-209.000000 110.579442
-208.000000 111.879442
-207.000000 113.179442
-206.000000 114.479442
-205.000000 115.779442
-204.000000 117.079442
-203.000000 118.379442
-202.000000 119.679442
-201.000000 120.979442
-200.000000 122.279442
-199.000000 123.579442
-198.000000 124.879442
-197.000000 126.179442
-196.000000 127.479442
-195.000000 128.879442
-194.000000 130.179442
-193.000000 131.479442
-192.000000 132.779442
-191.000000 134.079442
-190.000000 135.379442
-189.000000 136.679442
-188.000000 137.979442
-187.000000 139.379442
-186.000000 140.679442
-185.000000 141.979442
-184.000000 143.279442
-183.000000 144.579442
-182.000000 145.979442
-181.000000 147.279442
-180.000000 148.579442
-179.000000 149.879442
-178.000000 151.179442
-177.000000 152.579442
-176.000000 153.879442
-175.000000 155.179442
-174.000000 156.579442
-173.000000 157.879442
-172.000000 159.179442
-171.000000 160.579442
-170.000000 161.879442
-169.000000 163.179442
-168.000000 164.579442
-167.000000 165.879442
-166.000000 167.179442
-165.000000 168.579442
-164.000000 169.879442
-163.000000 171.279442
-162.000000 172.579442
-161.000000 173.979442
-160.000000 175.279442
-159.000000 176.579442
-158.000000 177.979442
-157.000000 179.279442
-156.000000 180.679442
-155.000000 181.979442
-154.000000 183.379442
-153.000000 184.679442
-152.000000 186.079442
-151.000000 187.379442
-150.000000 188.779442
-149.000000 190.079442
-148.000000 191.479442
-147.000000 192.779442
-146.000000 194.079442
-145.000000 195.479442
-144.000000 196.779442
-143.000000 198.179442
-142.000000 199.479442
-141.000000 200.779442
-140.000000 202.179442
-139.000000 203.479442
-138.000000 204.779442
-137.000000 206.179442
-136.000000 207.479442
-135.000000 208.779442
-134.000000 210.079442
-133.000000 211.479442
-132.000000 212.779442
-131.000000 214.079442
-130.000000 215.379442
-129.000000 216.679442
-128.000000 217.979442
-127.000000 219.279442
-126.000000 220.579442
-125.000000 221.879442
-124.000000 223.179442
-123.000000 224.379442
-122.000000 225.679442
-121.000000 226.979442
-120.000000 228.179442
-119.000000 229.479442
-118.000000 230.779442
-117.000000 231.979442
-116.000000 233.279442
-115.000000 234.479442
-114.000000 235.679442
-113.000000 236.979442
-112.000000 238.179442
-111.000000 239.379442
-110.000000 240.579442
-109.000000 241.779442
-108.000000 242.979442
-107.000000 244.179442
-106.000000 245.379442
-105.000000 246.579442
-104.000000 247.779442
-103.000000 248.879442
-102.000000 250.079442
-101.000000 251.179442
-100.000000 252.379442
-99.000000 253.479442
-98.000000 254.579442
-97.000000 255.679442
-96.000000 256.879442
-95.000000 257.879442
-94.000000 258.979442
-93.000000 260.079442
-92.000000 261.179442
-91.000000 262.179442
-90.000000 263.279442
-89.000000 264.279442
-88.000000 265.379442
-87.000000 266.379442
-86.000000 267.379442
-85.000000 268.379442
-84.000000 269.379442
-83.000000 270.279442
-82.000000 271.279442
-81.000000 272.179442
-80.000000 273.179442
-79.000000 274.079442
-78.000000 274.979442
-77.000000 275.879442
-76.000000 276.779442
-75.000000 277.579442
-74.000000 278.479442
-73.000000 279.279442
-72.000000 280.179442
-71.000000 280.979442
-70.000000 281.779442
-69.000000 282.479442
-68.000000 283.279442
-67.000000 283.979442
-66.000000 284.779442
-65.000000 285.479442
-64.000000 286.179442
-63.000000 286.779442
-62.000000 287.479442
-61.000000 288.079442
-60.000000 288.679442
-59.000000 289.279442
-58.000000 289.879442
-57.000000 290.479442
-56.000000 290.979442
-55.000000 291.479442
-54.000000 291.979442
-53.000000 292.479442
-52.000000 292.879442
-51.000000 293.379442
-50.000000 293.779442
-49.000000 294.179442
-48.000000 294.479442
-47.000000 294.779442
-46.000000 295.179442
-45.000000 295.379442
-44.000000 295.679442
-43.000000 295.879442
-42.000000 296.079442
-41.000000 296.279442
-40.000000 296.379442
-39.000000 296.579442
-38.000000 296.579442
-37.000000 296.679442
-36.000000 296.679442
-35.000000 296.679442
-34.000000 296.679442
-33.000000 296.579442
-32.000000 296.479442
-31.000000 296.379442
-30.000000 296.179442
-29.000000 295.979442
-28.000000 295.779442
-27.000000 295.479442
-26.000000 295.079442
-25.000000 294.779442
-24.000000 294.379442
-23.000000 293.879442
-22.000000 293.379442
-21.000000 292.879442
-20.000000 292.279442
-19.000000 291.579442
-18.000000 290.879442
-17.000000 290.179442
-16.000000 289.279442
-15.000000 288.379442
-14.000000 287.479442
-13.000000 286.479442
-12.000000 285.379442
-11.000000 284.179442
-10.000000 282.879442
-9.000000 281.579442
-8.000000 280.079442
-7.000000 278.479442
-6.000000 276.779442
-5.000000 274.879442
-4.000000 272.779442
-3.000000 270.579442
-2.000000 267.979442
-1.000000 264.979442
0.000000 261.279442
