-288 4181
-284 4187
-282 4188
-281 4188
-280 4192
-279 4190
-278 4194
-277 4194
-276 4197
-275 4196
-274 4199
-273 4199
-272 4201
-271 4201
-270 4203
-269 4204
-268 4206
-267 4206
-266 4208
-265 4208
-264 4210
-263 4210
-262 4212
-261 4213
-260 4214
-259 4215
-258 4216
-257 4217
-256 4218
-255 4219
-254 4220
-253 4221
-252 4222
-251 4223
-250 4224
-249 4225
-248 4226
-247 4227
-246 4228
-245 4229
-244 4230
-243 4231
-242 4232
-241 4233
-240 4235
-239 4235
-238 4236
-237 4237
-236 4238
-235 4239
-234 4240
-233 4241
-232 4242
-231 4243
-230 4244
-229 4245
-228 4246
-227 4247
-226 4248
-225 4249
-224 4250
-223 4251
-222 4252
-221 4253
-220 4254
-219 4255
-218 4256
-217 4257
-216 4258
-215 4259
-214 4260
-213 4261
-212 4262
-211 4263
-210 4264
-209 4265
-208 4266
-207 4267
-206 4268
-205 4269
-204 4270
-203 4271
-202 4272
-201 4273
-200 4273
-199 4274
-198 4275
-197 4276
-196 4277
-195 4278
-194 4279
-193 4280
-192 4281
-191 4282
-190 4283
-189 4284
-188 4285
-187 4286
-186 4287
-185 4287
-184 4288
-183 4289
-182 4290
-181 4291
-180 4292
-179 4293
-178 4294
-177 4295
-176 4295
-175 4296
-174 4297
-173 4298
-172 4299
-171 4300
-170 4300
-169 4301
-168 4302
-167 4303
-166 4304
-165 4305
-164 4305
-163 4306
-162 4307
-161 4308
-160 4308
-159 4309
-158 4310
-157 4311
-156 4311
-155 4312
-154 4313
-153 4314
-152 4314
-151 4315
-150 4316
-149 4316
-148 4317
-147 4318
-146 4318
-145 4319
-144 4319
-143 4320
-142 4321
-141 4321
-140 4322
-139 4322
-138 4323
-137 4324
-136 4324
-135 4325
-134 4325
-133 4326
-132 4326
-131 4327
-130 4327
-129 4328
-128 4328
-127 4329
-126 4329
-125 4329
-124 4330
-123 4330
-122 4331
-121 4331
-120 4331
-119 4332
-118 4332
-117 4332
-116 4333
-115 4333
-114 4333
-113 4333
-112 4334
-111 4334
-110 4334
-109 4334
-108 4335
-107 4335
-106 4335
-105 4335
-104 4335
-103 4335
-102 4335
-101 4335
-100 4336
-99 4336
-98 4336
-97 4336
-96 4336
-95 4336
-94 4336
-93 4336
-92 4336
-91 4335
-90 4335
-89 4335
-88 4335
-87 4335
-86 4335
-85 4335
-84 4335
-83 4334
-82 4334
-81 4334
-80 4334
-79 4333
-78 4333
-77 4333
-76 4333
-75 4332
-74 4332
-73 4331
-72 4331
-71 4331
-70 4330
-69 4330
-68 4329
-67 4329
-66 4328
-65 4328
-64 4327
-63 4327
-62 4326
-61 4326
-60 4325
-59 4325
-58 4324
-57 4323
-56 4323
-55 4322
-54 4321
-53 4320
-52 4320
-51 4319
-50 4318
-49 4317
-48 4317
-47 4316
-46 4315
-45 4314
-44 4313
-43 4312
-42 4311
-41 4310
-40 4309
-39 4308
-38 4307
-37 4306
-36 4305
-35 4304
-34 4303
-33 4302
-32 4301
-31 4300
-30 4298
-29 4297
-28 4296
-27 4295
-26 4293
-25 4292
-24 4290
-23 4289
-22 4288
-21 4286
-20 4285
-19 4283
-18 4282
-17 4280
-16 4278
-15 4277
-14 4275
-13 4273
-12 4271
-11 4270
-10 4268
-9 4266
-8 4264
-7 4262
-6 4260
-5 4257
-4 4255
-3 4253
-2 4250
-1 4247
0 4244
