-72.000000 2.079442
-68.000000 7.579442
-66.000000 8.269442
-65.000000 10.059442
-64.000000 12.309442
-63.000000 11.849442
-62.000000 14.079442
-61.000000 15.509442
-60.000000 16.859442
-59.000000 17.729442
-58.000000 19.279442
-57.000000 20.489442
-56.000000 21.719442
-55.000000 22.959442
-54.000000 24.239442
-53.000000 25.469442
-52.000000 26.709442
-51.000000 27.979442
-50.000000 29.219442
-49.000000 30.469442
-48.000000 31.739442
-47.000000 32.999442
-46.000000 34.259442
-45.000000 35.529442
-44.000000 36.799442
-43.000000 38.079442
-42.000000 39.369442
-41.000000 40.659442
-40.000000 41.949442
-39.000000 43.259442
-38.000000 44.569442
-37.000000 45.889442
-36.000000 47.209442
-35.000000 48.529442
-34.000000 49.859442
-33.000000 51.169442
-32.000000 52.479442
-31.000000 53.789442
-30.000000 55.079442
-29.000000 56.359442
-28.000000 57.619442
-27.000000 58.849442
-26.000000 60.069442
-25.000000 61.259442
-24.000000 62.409442
-23.000000 63.519442
-22.000000 64.609442
-21.000000 65.629442
-20.000000 66.629442
-19.000000 67.559442
-18.000000 68.429442
-17.000000 69.239442
-16.000000 69.989442
-15.000000 70.669442
-14.000000 71.269442
-13.000000 71.779442
-12.000000 72.199442
-11.000000 72.529442
-10.000000 72.739442
-9.000000 72.849442
-8.000000 72.829442
-7.000000 72.669442
-6.000000 72.369442
-5.000000 71.899442
-4.000000 71.239442
-3.000000 70.349442
-2.000000 69.159442
-1.000000 67.559442
0.000000 65.269442
