-392 55802
-388 55809
-386 55810
-385 55812
-384 55816
-383 55814
-382 55817
-381 55819
-380 55822
-379 55821
-378 55824
-377 55826
-376 55828
-375 55828
-374 55830
-373 55832
-372 55834
-371 55834
-370 55836
-369 55838
-368 55839
-367 55840
-366 55842
-365 55844
-364 55845
-363 55846
-362 55848
-361 55849
-360 55851
-359 55852
-358 55853
-357 55855
-356 55856
-355 55858
-354 55859
-353 55860
-352 55862
-351 55863
-350 55864
-349 55866
-348 55867
-347 55869
-346 55870
-345 55871
-344 55873
-343 55874
-342 55875
-341 55877
-340 55878
-339 55879
-338 55881
-337 55882
-336 55883
-335 55885
-334 55886
-333 55887
-332 55889
-331 55890
-330 55892
-329 55893
-328 55894
-327 55895
-326 55897
-325 55898
-324 55899
-323 55901
-322 55902
-321 55903
-320 55905
-319 55906
-318 55907
-317 55909
-316 55910
-315 55911
-314 55913
-313 55914
-312 55915
-311 55917
-310 55918
-309 55919
-308 55921
-307 55922
-306 55923
-305 55925
-304 55926
-303 55927
-302 55928
-301 55930
-300 55931
-299 55932
-298 55934
-297 55935
-296 55936
-295 55938
-294 55939
-293 55940
-292 55942
-291 55943
-290 55944
-289 55946
-288 55947
-287 55948
-286 55949
-285 55951
-284 55952
-283 55953
-282 55955
-281 55956
-280 55957
-279 55959
-278 55960
-277 55961
-276 55963
-275 55964
-274 55965
-273 55967
-272 55968
-271 55969
-270 55970
-269 55972
-268 55973
-267 55974
-266 55976
-265 55977
-264 55978
-263 55980
-262 55981
-261 55982
-260 55984
-259 55985
-258 55986
-257 55988
-256 55989
-255 55990
-254 55992
-253 55993
-252 55994
-251 55996
-250 55997
-249 55998
-248 56000
-247 56001
-246 56002
-245 56003
-244 56005
-243 56006
-242 56007
-241 56009
-240 56010
-239 56011
-238 56013
-237 56014
-236 56015
-235 56017
-234 56018
-233 56020
-232 56021
-231 56022
-230 56024
-229 56025
-228 56026
-227 56028
-226 56029
-225 56030
-224 56032
-223 56033
-222 56034
-221 56036
-220 56037
-219 56038
-218 56040
-217 56041
-216 56042
-215 56044
-214 56045
-213 56046
-212 56048
-211 56049
-210 56050
-209 56052
-208 56053
-207 56055
-206 56056
-205 56057
-204 56059
-203 56060
-202 56061
-201 56063
-200 56064
-199 56065
-198 56067
-197 56068
-196 56069
-195 56071
-194 56072
-193 56073
-192 56075
-191 56076
-190 56077
-189 56079
-188 56080
-187 56081
-186 56083
-185 56084
-184 56085
-183 56087
-182 56088
-181 56089
-180 56091
-179 56092
-178 56093
-177 56094
-176 56096
-175 56097
-174 56098
-173 56100
-172 56101
-171 56102
-170 56104
-169 56105
-168 56106
-167 56107
-166 56109
-165 56110
-164 56111
-163 56112
-162 56114
-161 56115
-160 56116
-159 56117
-158 56119
-157 56120
-156 56121
-155 56122
-154 56124
-153 56125
-152 56126
-151 56127
-150 56128
-149 56130
-148 56131
-147 56132
-146 56133
-145 56134
-144 56136
-143 56137
-142 56138
-141 56139
-140 56140
-139 56141
-138 56143
-137 56144
-136 56145
-135 56146
-134 56147
-133 56148
-132 56149
-131 56150
-130 56152
-129 56153
-128 56154
-127 56155
-126 56156
-125 56157
-124 56158
-123 56159
-122 56160
-121 56161
-120 56162
-119 56163
-118 56164
-117 56165
-116 56166
-115 56167
-114 56168
-113 56169
-112 56170
-111 56171
-110 56172
-109 56173
-108 56174
-107 56175
-106 56176
-105 56177
-104 56177
-103 56178
-102 56179
-101 56180
-100 56181
-99 56182
-98 56182
-97 56183
-96 56184
-95 56185
-94 56186
-93 56186
-92 56187
-91 56188
-90 56189
-89 56189
-88 56190
-87 56191
-86 56191
-85 56192
-84 56193
-83 56193
-82 56194
-81 56195
-80 56195
-79 56196
-78 56196
-77 56197
-76 56197
-75 56198
-74 56198
-73 56199
-72 56199
-71 56200
-70 56200
-69 56201
-68 56201
-67 56201
-66 56202
-65 56202
-64 56202
-63 56203
-62 56203
-61 56203
-60 56203
-59 56204
-58 56204
-57 56204
-56 56204
-55 56204
-54 56205
-53 56205
-52 56205
-51 56205
-50 56205
-49 56205
-48 56205
-47 56205
-46 56205
-45 56205
-44 56205
-43 56205
-42 56204
-41 56204
-40 56204
-39 56204
-38 56203
-37 56203
-36 56203
-35 56203
-34 56202
-33 56202
-32 56201
-31 56201
-30 56200
-29 56200
-28 56199
-27 56199
-26 56198
-25 56197
-24 56196
-23 56196
-22 56195
-21 56194
-20 56193
-19 56192
-18 56191
-17 56190
-16 56189
-15 56188
-14 56186
-13 56185
-12 56184
-11 56182
-10 56181
-9 56179
-8 56177
-7 56175
-6 56173
-5 56171
-4 56169
-3 56166
-2 56163
-1 56160
0 56156
