-392.000000 2.079442
-388.000000 9.279442
-386.000000 9.979442
-385.000000 11.779442
-384.000000 15.779442
-383.000000 13.579442
-382.000000 17.279442
-381.000000 18.979442
-380.000000 21.879442
-379.000000 21.079442
-378.000000 23.879442
-377.000000 25.479442
-376.000000 27.779442
-375.000000 27.879442
-374.000000 30.079442
-373.000000 31.679442
-372.000000 33.479442
-371.000000 34.179442
-370.000000 36.079442
-369.000000 37.579442
-368.000000 39.179442
-367.000000 40.279442
-366.000000 41.879442
-365.000000 43.379442
-364.000000 44.779442
-363.000000 46.079442
-362.000000 47.579442
-361.000000 48.979442
-360.000000 50.379442
-359.000000 51.779442
-358.000000 53.279442
-357.000000 54.579442
-356.000000 55.979442
-355.000000 57.379442
-354.000000 58.779442
-353.000000 60.179442
-352.000000 61.579442
-351.000000 62.979442
-350.000000 64.279442
-349.000000 65.679442
-348.000000 67.079442
-347.000000 68.379442
-346.000000 69.779442
-345.000000 71.179442
-344.000000 72.479442
-343.000000 73.879442
-342.000000 75.179442
-341.000000 76.579442
-340.000000 77.879442
-339.000000 79.279442
-338.000000 80.579442
-337.000000 81.979442
-336.000000 83.279442
-335.000000 84.679442
-334.000000 85.979442
-333.000000 87.279442
-332.000000 88.679442
-331.000000 89.979442
-330.000000 91.379442
-329.000000 92.679442
-328.000000 93.979442
-327.000000 95.279442
-326.000000 96.679442
-325.000000 97.979442
-324.000000 99.279442
-323.000000 100.679442
-322.000000 101.979442
-321.000000 103.279442
-320.000000 104.579442
-319.000000 105.979442
-318.000000 107.279442
-317.000000 108.579442
-316.000000 109.879442
-315.000000 111.179442
-314.000000 112.579442
-313.000000 113.879442
-312.000000 115.179442
-311.000000 116.479442
-310.000000 117.779442
-309.000000 119.079442
-308.000000 120.479442
-307.000000 121.779442
-306.000000 123.079442
-305.000000 124.379442
-304.000000 125.679442
-303.000000 126.979442
-302.000000 128.279442
-301.000000 129.679442
-300.000000 130.979442
-299.000000 132.279442
-298.000000 133.579442
-297.000000 134.879442
-296.000000 136.179442
-295.000000 137.479442
-294.000000 138.779442
-293.000000 140.079442
-292.000000 141.479442
-291.000000 142.779442
-290.000000 144.079442
-289.000000 145.379442
-288.000000 146.679442
-287.000000 147.979442
-286.000000 149.279442
-285.000000 150.579442
-284.000000 151.979442
-283.000000 153.279442
-282.000000 154.579442
-281.000000 155.879442
-280.000000 157.179442
-279.000000 158.479442
-278.000000 159.779442
-277.000000 161.079442
-276.000000 162.379442
-275.000000 163.779442
-274.000000 165.079442
-273.000000 166.379442
-272.000000 167.679442
-271.000000 168.979442
-270.000000 170.279442
-269.000000 171.579442
-268.000000 172.879442
-267.000000 174.279442
-266.000000 175.579442
-265.000000 176.879442
-264.000000 178.179442
-263.000000 179.479442
-262.000000 180.779442
-261.000000 182.179442
-260.000000 183.479442
-259.000000 184.779442
-258.000000 186.079442
-257.000000 187.379442
-256.000000 188.779442
-255.000000 190.079442
-254.000000 191.379442
-253.000000 192.679442
-252.000000 194.079442
-251.000000 195.379442
-250.000000 196.679442
-249.000000 197.979442
-248.000000 199.379442
-247.000000 200.679442
-246.000000 201.979442
-245.000000 203.279442
-244.000000 204.679442
-243.000000 205.979442
-242.000000 207.279442
-241.000000 208.679442
-240.000000 209.979442
-239.000000 211.279442
-238.000000 212.679442
-237.000000 213.979442
-236.000000 215.279442
-235.000000 216.679442
-234.000000 217.979442
-233.000000 219.379442
-232.000000 220.679442
-231.000000 221.979442
-230.000000 223.379442
-229.000000 224.679442
-228.000000 226.079442
-227.000000 227.379442
-226.000000 228.779442
-225.000000 230.079442
-224.000000 231.379442
-223.000000 232.779442
-222.000000 234.079442
-221.000000 235.479442
-220.000000 236.779442
-219.000000 238.179442
-218.000000 239.479442
-217.000000 240.879442
-216.000000 242.179442
-215.000000 243.579442
-214.000000 244.879442
-213.000000 246.279442
-212.000000 247.579442
-211.000000 248.979442
-210.000000 250.279442
-209.000000 251.679442
-208.000000 252.979442
-207.000000 254.379442
-206.000000 255.679442
-205.000000 257.079442
-204.000000 258.379442
-203.000000 259.779442
-202.000000 261.079442
-201.000000 262.479442
-200.000000 263.779442
-199.000000 265.179442
-198.000000 266.479442
-197.000000 267.779442
-196.000000 269.179442
-195.000000 270.479442
-194.000000 271.879442
-193.000000 273.179442
-192.000000 274.479442
-191.000000 275.879442
-190.000000 277.179442
-189.000000 278.479442
-188.000000 279.879442
-187.000000 281.179442
-186.000000 282.479442
-185.000000 283.779442
-184.000000 285.079442
-183.000000 286.479442
-182.000000 287.779442
-181.000000 289.079442
-180.000000 290.379442
-179.000000 291.679442
-178.000000 292.979442
-177.000000 294.279442
-176.000000 295.579442
-175.000000 296.879442
-174.000000 298.179442
-173.000000 299.479442
-172.000000 300.779442
-171.000000 302.079442
-170.000000 303.379442
-169.000000 304.679442
-168.000000 305.879442
-167.000000 307.179442
-166.000000 308.479442
-165.000000 309.779442
-164.000000 310.979442
-163.000000 312.279442
-162.000000 313.479442
-161.000000 314.779442
-160.000000 315.979442
-159.000000 317.279442
-158.000000 318.479442
-157.000000 319.779442
-156.000000 320.979442
-155.000000 322.179442
-154.000000 323.479442
-153.000000 324.679442
-152.000000 325.879442
-151.000000 327.079442
-150.000000 328.279442
-149.000000 329.479442
-148.000000 330.679442
-147.000000 331.879442
-146.000000 333.079442
-145.000000 334.279442
-144.000000 335.479442
-143.000000 336.679442
-142.000000 337.779442
-141.000000 338.979442
-140.000000 340.179442
-139.000000 341.279442
-138.000000 342.479442
-137.000000 343.579442
-136.000000 344.679442
-135.000000 345.879442
-134.000000 346.979442
-133.000000 348.079442
-132.000000 349.179442
-131.000000 350.279442
-130.000000 351.379442
-129.000000 352.479442
-128.000000 353.579442
-127.000000 354.679442
-126.000000 355.679442
-125.000000 356.779442
-124.000000 357.879442
-123.000000 358.879442
-122.000000 359.879442
-121.000000 360.979442
-120.000000 361.979442
-119.000000 362.979442
-118.000000 363.979442
-117.000000 364.979442
-116.000000 365.979442
-115.000000 366.979442
-114.000000 367.979442
-113.000000 368.979442
-112.000000 369.879442
-111.000000 370.879442
-110.000000 371.779442
-109.000000 372.679442
-108.000000 373.679442
-107.000000 374.579442
-106.000000 375.479442
-105.000000 376.379442
-104.000000 377.179442
-103.000000 378.079442
-102.000000 378.979442
-101.000000 379.779442
-100.000000 380.679442
-99.000000 381.479442
-98.000000 382.279442
-97.000000 383.079442
-96.000000 383.879442
-95.000000 384.679442
-94.000000 385.479442
-93.000000 386.179442
-92.000000 386.979442
-91.000000 387.679442
-90.000000 388.379442
-89.000000 389.179442
-88.000000 389.879442
-87.000000 390.479442
-86.000000 391.179442
-85.000000 391.879442
-84.000000 392.479442
-83.000000 393.079442
-82.000000 393.779442
-81.000000 394.379442
-80.000000 394.879442
-79.000000 395.479442
-78.000000 396.079442
-77.000000 396.579442
-76.000000 397.079442
-75.000000 397.679442
-74.000000 398.179442
-73.000000 398.579442
-72.000000 399.079442
-71.000000 399.579442
-70.000000 399.979442
-69.000000 400.379442
-68.000000 400.779442
-67.000000 401.179442
-66.000000 401.479442
-65.000000 401.879442
-64.000000 402.179442
-63.000000 402.479442
-62.000000 402.779442
-61.000000 403.079442
-60.000000 403.279442
-59.000000 403.579442
-58.000000 403.779442
-57.000000 403.979442
-56.000000 404.079442
-55.000000 404.279442
-54.000000 404.379442
-53.000000 404.479442
-52.000000 404.579442
-51.000000 404.679442
-50.000000 404.679442
-49.000000 404.679442
-48.000000 404.679442
-47.000000 404.679442
-46.000000 404.679442
-45.000000 404.579442
-44.000000 404.479442
-43.000000 404.379442
-42.000000 404.179442
-41.000000 403.979442
-40.000000 403.779442
-39.000000 403.579442
-38.000000 403.279442
-37.000000 403.079442
-36.000000 402.679442
-35.000000 402.379442
-34.000000 401.979442
-33.000000 401.579442
-32.000000 401.179442
-31.000000 400.679442
-30.000000 400.179442
-29.000000 399.579442
-28.000000 398.979442
-27.000000 398.379442
-26.000000 397.779442
-25.000000 397.079442
-24.000000 396.279442
-23.000000 395.579442
-22.000000 394.679442
-21.000000 393.879442
-20.000000 392.879442
-19.000000 391.979442
-18.000000 390.879442
-17.000000 389.879442
-16.000000 388.679442
-15.000000 387.479442
-14.000000 386.279442
-13.000000 384.879442
-12.000000 383.479442
-11.000000 381.979442
-10.000000 380.479442
-9.000000 378.779442
-8.000000 376.979442
-7.000000 375.079442
-6.000000 373.079442
-5.000000 370.879442
-4.000000 368.479442
-3.000000 365.879442
-2.000000 362.979442
-1.000000 359.779442
0.000000 355.779442
